5718;99
8575;224
11431;399
14284;623
17133;897
19979;1221
22820;1595
25656;2019
28486;2492
31310;3014
34126;3586
36935;4208
39735;4878
42526;5598
45307;6367
48078;7185
50838;8051
53586;8967
56322;9931
59044;10943
61754;12003
64449;13112
67129;14268
69794;15472
72442;16724
75074;18023
77688;19370
80285;20763
82863;22203
85421;23689
87960;25222
90479;26801
92976;28425
95451;30095
97905;31811
100335;33571
102742;35377
105125;37226
107483;39120
109816;41058
112123;43040
114404;45065
116658;47133
118884;49243
121082;51396
123251;53591
125391;55827
127501;58105
129581;60424
131630;62784
133647;65184
135632;67623
137585;70103
139504;72621
141390;75178
143242;77774
145058;80407
146840;83078
148586;85786
150296;88531
151968;91312
153604;94128
155202;96981
156761;99868
158282;102789
159763;105745
161205;108734
162607;111756
163968;114811
165288;117898
166566;121017
167802;124167
168996;127347
170147;130558
171254;133799
172318;137068
173338;140366
174313;143692
175243;147046
176127;150427
176966;153834
177758;157267
178504;160726
179203;164210
179855;167717
180459;171249
181014;174803
181522;178381
181980;181980
182389;185601
182749;189242
183059;192904
183319;196586
183528;200286
183687;204005
183794;207742
183851;211496
183855;215267
183808;219054
183708;222856
183556;226673
183351;230504
183093;234348
182782;238206
182417;242076
181998;245957
181526;249849
180999;253752
180418;257664
179782;261585
179092;265515
178346;269452
177546;273396
176689;277347
175778;281303
174810;285265
173787;289231
172708;293200
171572;297172
170381;301147
169133;305124
167828;309101
166467;313079
165049;317056
163574;321032
162042;325006
160453;328978
158807;332947
157104;336911
155344;340872
153526;344827
151652;348776
149720;352718
147730;356653
145683;360580
143579;364498
141418;368407
139199;372305
136923;376193
134589;380069
132198;383933
129750;387784
127245;391621
124682;395443
122063;399251
119386;403043
116653;406818
113862;410576
111015;414316
108111;418038
105151;421740
102134;425422
99061;429083
95932;432723
92747;436341
89506;439936
86209;443507
82856;447054
79448;450576
75985;454073
72467;457543
68894;460986
65267;464401
61585;467788
57849;471146
54059;474474
50215;477772
46318;481038
42368;484273
38365;487475
34309;490644
30200;493779
26040;496879
21828;499944
17564;502973
13249;505966
8883;508921
4466;511839
0;514718
-4516;517558
-9082;520358
-13698;523117
-18362;525836
-23075;528512
-27836;531146
-32644;533738
-37500;536285
-42403;538788
-47352;541246
-52348;543659
-57389;546025
-62476;548345
-67607;550617
-72782;552841
-78002;555016
-83265;557143
-88571;559219
-93920;561245
-99311;563220
-104743;565144
-110216;567016
-115730;568834
-121284;570600
-126878;572311
-132511;573969
-138182;575571
-143891;577118
-149638;578609
-155422;580043
-161242;581420
-167097;582739
-172989;584001
-178914;585204
-184874;586347
-190868;587431
-196894;588455
-202953;589418
-209043;590320
-215164;591161
-221317;591939
-227498;592655
-233710;593307
-239950;593897
-246217;594422
-252513;594883
-258834;595279
-265182;595610
-271556;595875
-277954;596074
-284376;596207
-290821;596273
-297290;596271
-303780;596202
-310292;596065
-316824;595859
-323376;595585
-329947;595241
-336537;594828
-343145;594345
-349770;593792
-356411;593168
-363068;592474
-369740;591708
-376426;590870
-383125;589961
-389837;588980
-396561;587926
-403296;586800
-410042;585601
-416797;584328
-423561;582982
-430333;581562
-437113;580068
-443899;578501
-450691;576858
-457488;575141
-464289;573349
-471093;571482
-477901;569540
-484710;567522
-491520;565429
-498330;563260
-505140;561015
-511948;558694
-518754;556296
-525557;553822
-532357;551272
-539152;548645
-545941;545941
-552724;543160
-559500;540303
-566268;537368
-573027;534356
-579776;531267
-586515;528101
-593243;524857
-599959;521536
-606662;518138
-613351;514662
-620025;511109
-626684;507479
-633327;503771
-639952;499985
-646560;496122
-653148;492182
-659717;488165
-666265;484070
-672792;479898
-679297;475649
-685778;471322
-692236;466919
-698669;462438
-705076;457881
-711456;453248
-717809;448537
-724135;443750
-730430;438887
-736696;433947
-742932;428932
-749135;423840
-755307;418673
-761444;413430
-767548;408112
-773617;402719
-779649;397251
-785645;391708
-791604;386091
-797524;380399
-803405;374634
-809246;368794
-815046;362881
-820803;356895
-826519;350836
-832191;344705
-837818;338500
-843401;332224
-848938;325876
-854428;319457
-859870;312967
-865264;306406
-870609;299774
-875903;293073
-881147;286302
-886339;279461
-891479;272552
-896565;265574
-901597;258528
-906574;251415
-911496;244234
-916361;236987
-921169;229673
-925919;222293
-930609;214848
-935241;207338
-939812;199763
-944321;192124
-948769;184421
-953154;176656
-957475;168828
-961732;160939
-965924;152987
-970051;144974
-974111;136902
-978103;128769
-982028;120578
-985884;112327
-989671;104018
-993387;95652
-997032;87229
-1000606;78749
-1004108;70214
-1007537;61623
-1010892;52978
-1014173;44280
-1017378;35527
-1020508;26723
-1023562;17866
-1026538;8958
-1029437;0
-1032257;-9008
-1034998;-18066
-1037659;-27171
-1040241;-36325
-1042741;-45527
-1045159;-54774
-1047496;-64067
-1049750;-73405
-1051920;-82787
-1054006;-92213
-1056008;-101682
-1057924;-111192
-1059754;-120743
-1061499;-130335
-1063156;-139966
-1064726;-149637
-1066208;-159346
-1067601;-169091
-1068905;-178873
-1070119;-188691
-1071243;-198543
-1072277;-208429
-1073220;-218348
-1074070;-228301
-1074829;-238283
-1075495;-248297
-1076068;-258341
-1076548;-268413
-1076932;-278513
-1077223;-288640
-1077418;-298794
-1077518;-308973
-1077523;-319177
-1077432;-329404
-1077243;-339654
-1076958;-349924
-1076575;-360216
-1076094;-370528
-1075516;-380860
-1074838;-391209
-1074061;-401575
-1073186;-411957
-1072211;-422354
-1071135;-432766
-1069960;-443191
-1068684;-453629
-1067307;-464078
-1065829;-474537
-1064249;-485005
-1062568;-495484
-1060785;-505968
-1058899;-516460
-1056911;-526957
-1054820;-537458
-1052627;-547962
-1050329;-558470
-1047929;-568978
-1045424;-579487
-1042817;-589997
-1040105;-600504
-1037289;-611010
-1034368;-621511
-1031343;-632009
-1028214;-642499
-1024980;-652984
-1021641;-663461
-1018196;-673929
-1014647;-684389
-1010993;-694836
-1007233;-705272
-1003369;-715696
-999398;-726105
-995322;-736499
-991141;-746879
-986855;-757241
-982462;-767584
-977964;-777907
-973361;-788211
-968652;-798494
-963837;-808754
-958917;-818993
-953892;-829206
-948761;-839393
-943525;-849553
-938183;-859687
-932737;-869793
-927186;-879866
-921529;-889911
-915769;-899922
-909902;-909902
-903931;-919846
-897856;-929757
-891677;-939632
-885394;-949468
-879006;-959266
-872515;-969025
-865920;-978746
-859223;-988422
-852422;-998057
-845517;-1007648
-838510;-1017195
-831401;-1026696
-824191;-1036150
-816878;-1045555
-809464;-1054913
-801948;-1064221
-794331;-1073477
-786614;-1082680
-778796;-1091832
-770879;-1100930
-762862;-1109972
-754746;-1118957
-746532;-1127885
-738216;-1136754
-729806;-1145566
-721297;-1154316
-712689;-1163004
-703987;-1171631
-695187;-1180192
-686291;-1188691
-677300;-1197124
-668213;-1205490
-659033;-1213789
-649759;-1222018
-640389;-1230177
-630930;-1238266
-621375;-1246285
-611729;-1254230
-601991;-1262101
-592163;-1269899
-582245;-1277618
-572235;-1285266
-562138;-1292831
-551953;-1300319
-541679;-1307728
-531317;-1315058
-520871;-1322303
-510334;-1329470
-499715;-1336550
-489011;-1343547
-478223;-1350459
-467350;-1357285
-456395;-1364025
-445359;-1370673
-434240;-1377233
-423040;-1383708
-411762;-1390088
-400404;-1396376
-388968;-1402573
-377454;-1408676
-365861;-1414683
-354196;-1420599
-342451;-1426416
-330636;-1432136
-318741;-1437758
-306779;-1443283
-294742;-1448707
-282634;-1454030
-270455;-1459252
-258209;-1464375
-245892;-1469391
-233509;-1474304
-221055;-1479115
-208538;-1483821
-195954;-1488419
-183306;-1492907
-170593;-1497294
-157821;-1501572
-144983;-1505738
-132089;-1509793
-119135;-1513738
-106120;-1517573
-93046;-1521294
-79914;-1524904
-66732;-1528405
-53491;-1531782
-40196;-1535050
-26849;-1538203
-13449;-1541235
0;-1544156
13500;-1546957
27050;-1549639
40647;-1552202
54289;-1554647
67978;-1556970
81712;-1559172
95487;-1561256
109311;-1563214
123171;-1565052
137072;-1566764
151017;-1568355
164995;-1569824
179009;-1571165
193066;-1572377
207150;-1573471
221274;-1574438
235426;-1575271
249612;-1575981
263826;-1576564
278071;-1577017
292342;-1577342
306642;-1577541
320967;-1577608
335314;-1577544
349689;-1577347
364081;-1577020
378500;-1576565
392934;-1575978
407388;-1575255
421859;-1574401
436347;-1573419
450850;-1572296
465365;-1571041
479893;-1569662
494433;-1568139
508983;-1566484
523539;-1564697
538104;-1562769
552675;-1560711
567253;-1558515
581833;-1556185
596416;-1553716
610998;-1551111
625581;-1548374
640171;-1545496
654742;-1542484
669325;-1539332
683890;-1536049
698459;-1532625
713017;-1529059
727556;-1525365
742096;-1521528
756627;-1517550
771133;-1513434
785633;-1509185
800116;-1504798
814584;-1500271
829030;-1495608
843458;-1490811
857866;-1485869
872247;-1480781
886609;-1475567
900944;-1470218
915260;-1464715
929546;-1459089
943799;-1453322
958021;-1447413
972213;-1441366
986378;-1435183
1000505;-1428864
1014597;-1422405
1028648;-1415814
1042663;-1409079
1056649;-1402215
1070577;-1395204
1084480;-1388070
1098324;-1380786
1112138;-1373372
1125895;-1365823
1139610;-1358132
1153270;-1350312
1166889;-1342365
1180461;-1334271
1193966;-1326034
1207428;-1317675
1220831;-1309178
1234175;-1300549
1247465;-1291790
1260695;-1282896
1273860;-1273860
1286966;-1264702
1300012;-1255412
1312989;-1245984
1325913;-1236431
1338755;-1226744
1351535;-1216932
1364242;-1206981
1376882;-1196902
1389446;-1186706
1401950;-1176372
1414366;-1165910
1426708;-1155328
1438972;-1144606
1451158;-1133768
1463264;-1122805
1475293;-1111710
1487238;-1100496
1499096;-1089155
1510875;-1077696
1522562;-1066114
1534158;-1054403
1545675;-1042569
1557104;-1030619
1568436;-1018560
1579673;-1006367
1590824;-994058
1601875;-981624
1612832;-969082
1623684;-956429
1634449;-943651
1645107;-930767
1655679;-917759
1666131;-904634
1676488;-891403
1686737;-878061
1696885;-864607
1706920;-851035
1716868;-837361
1726682;-823576
1736385;-809684
1745982;-795691
1755481;-781596
1764860;-767386
1774117;-753073
1783275;-738657
1792292;-724139
1801209;-709518
1809992;-694805
1818669;-679971
1827225;-665061
1835663;-650034
1843965;-634921
1852135;-619723
1860203;-604410
1868133;-589012
1875925;-573543
1883606;-557954
1891153;-542284
1898574;-526518
1905842;-510674
1913010;-494733
1920019;-478717
1926906;-462612
1933673;-446421
1940290;-430161
1946746;-413807
1953103;-397361
1959304;-380849
1965352;-364248
1971275;-347587
1977049;-330848
1982696;-314027
1988174;-297131
1993536;-280178
1998735;-263138
2003796;-246043
2008706;-228871
2013476;-211620
2018095;-194323
2022551;-176939
2026874;-159504
2031042;-142022
2035054;-124461
2038908;-106861
2042623;-89194
2046186;-71440
2049598;-53684
2052846;-35840
2055938;-17952
2058874;0
2061655;17992
2064278;36032
2066744;54120
2069051;72253
2071198;90430
2073186;108651
2075013;126913
2076679;145215
2078183;163556
2079526;181935
2080705;200350
2081722;218798
2082574;237280
2083262;255793
2083786;274336
2084144;292907
2084337;311506
2084364;330130
2084224;348779
2083917;367451
2083442;386144
2082801;404856
2081990;423586
2081012;442333
2079864;461095
2078547;479870
2077061;498658
2075405;517456
2073579;536265
2071582;555079
2069415;573900
2067077;592725
2064568;611553
2061887;630382
2059035;649211
2056010;668038
2052814;686862
2049446;705681
2045905;724494
2042192;743298
2038306;762092
2034248;780875
2030017;799645
2025613;818401
2021036;837140
2016285;855862
2011362;874565
2006266;893248
2000997;911908
1995554;930543
1989939;949153
1984151;967735
1978189;986289
1972055;1004812
1965748;1023304
1959268;1041761
1952615;1060184
1945790;1078570
1938793;1096917
1931623;1115224
1924281;1133489
1916768;1151711
1909082;1169887
1901226;1188018
1893198;1206100
1884999;1224133
1876629;1242114
1868089;1260043
1859379;1277916
1850498;1295734
1841449;1313493
1832230;1331193
1822842;1348833
1813286;1366409
1803561;1383922
1793669;1401368
1783609;1418748
1773383;1436059
1762990;1453298
1752431;1470466
1741707;1487559
1730818;1504578
1719764;1521519
1708546;1538382
1697164;1555165
1685620;1571866
1673912;1588485
1662044;1605018
1650014;1621466
1637823;1637824
1625473;1654094
1612963;1670273
1600294;1686359
1587467;1702351
1574483;1718247
1561343;1734047
1548045;1749748
1534593;1765349
1520986;1780848
1507226;1796243
1493313;1811534
1479247;1826719
1465030;1841796
1450662;1856763
1436145;1871621
1421478;1886366
1406663;1900998
1391701;1915514
1376593;1929914
1361339;1944196
1345941;1958358
1330399;1972399
1314715;1986318
1298889;2000114
1282922;2013784
1266814;2027329
1250568;2040744
1234185;2054031
1217665;2067186
1201009;2080210
1184218;2093100
1167294;2105856
1150237;2118475
1133049;2130957
1115731;2143299
1098282;2155503
1080706;2167564
1063003;2179482
1045175;2191256
1027221;2202885
1009145;2214368
990946;2225702
972626;2236887
954186;2247922
935626;2258805
916951;2269535
898158;2280111
879252;2290532
860231;2300796
841099;2310902
821855;2320849
802502;2330637
783040;2340263
763472;2349727
743797;2359027
724019;2368162
704137;2377132
684155;2385935
664072;2394570
643891;2403036
623612;2411332
603238;2419457
582769;2427409
562207;2435188
541553;2442794
520810;2450224
499978;2457477
479060;2464554
458056;2471453
436968;2478172
415797;2484711
394546;2491069
373215;2497245
351806;2503239
330321;2509049
308762;2514674
287130;2520114
265426;2525367
243652;2530434
221810;2535312
199902;2540002
177928;2544503
155892;2548813
133792;2552932
111633;2556859
89416;2560593
67143;2564135
44814;2567482
22433;2570635
0;2573592
-22483;2576354
-45015;2578919
-67593;2581286
-90217;2583456
-112883;2585427
-135590;2587199
-158336;2588772
-181121;2590144
-203941;2591315
-226795;2592286
-249682;2593054
-272600;2593621
-295548;2593984
-318522;2594144
-341520;2594101
-364543;2593854
-387587;2593402
-410652;2592745
-433733;2591883
-456832;2590816
-479943;2589542
-503069;2588062
-526204;2586376
-549350;2584482
-572499;2582382
-595657;2580074
-618816;2577558
-641979;2574834
-665141;2571903
-688298;2568762
-711453;2565413
-734600;2561856
-757742;2558090
-780871;2554115
-803991;2549931
-827094;2545537
-850185;2540934
-873258;2536122
-896310;2531100
-919343;2525869
-942349;2520429
-965334;2514779
-988289;2508920
-1011218;2502851
-1034114;2496574
-1056979;2490087
-1079810;2483390
-1102602;2476485
-1125358;2469370
-1148072;2462048
-1170745;2454516
-1193372;2446777
-1215956;2438828
-1238489;2430673
-1260975;2422309
-1283406;2413737
-1305787;2404959
-1328111;2395973
-1350376;2386781
-1372584;2377382
-1394728;2367779
-1416811;2357967
-1438826;2347952
-1460778;2337732
-1482657;2327308
-1504469;2316678
-1526208;2305845
-1547869;2294810
-1569457;2283571
-1590964;2272131
-1612392;2260489
-1633737;2248646
-1654999;2236602
-1676174;2224359
-1697263;2211915
-1718262;2199272
-1739168;2186433
-1759982;2173394
-1780698;2160160
-1801321;2146729
-1821842;2133103
-1842264;2119280
-1862581;2105266
-1882796;2091056
-1902903;2076655
-1922904;2062061
-1942795;2047276
-1962571;2032302
-1982237;2017137
-2001785;2001785
-2021218;1986244
-2040530;1970517
-2059723;1954602
-2078792;1938505
-2097738;1922221
-2116559;1905755
-2135249;1889108
-2153812;1872278
-2172242;1855270
-2190541;1838080
-2208703;1820714
-2226731;1803169
-2244618;1785450
-2262367;1767554
-2279975;1749484
-2297438;1731243
-2314758;1712829
-2331930;1694245
-2348954;1675491
-2365828;1656570
-2382551;1637480
-2399120;1618227
-2415535;1598806
-2431792;1579225
-2447893;1559479
-2463835;1539573
-2479614;1519509
-2495231;1499284
-2510682;1478905
-2525970;1458368
-2541088;1437679
-2556039;1416834
-2570818;1395841
-2585427;1374694
-2599861;1353400
-2614119;1331960
-2628203;1310372
-2642108;1288641
-2655834;1266766
-2669378;1244751
-2682742;1222594
-2695920;1200301
-2708915;1177868
-2721724;1155300
-2734343;1132601
-2746775;1109767
-2759014;1086804
-2771063;1063710
-2782918;1040491
-2794580;1017142
-2806044;993672
-2817313;970077
-2828382;946363
-2839253;922528
-2849922;898575
-2860390;874508
-2870655;850325
-2880714;826031
-2890569;801624
-2900216;777110
-2909656;752486
-2918885;727760
-2927906;702927
-2936716;677992
-2945311;652959
-2953694;627826
-2961864;602597
-2969816;577272
-2977552;551856
-2985071;526347
-2992370;500752
-2999451;475065
-3006311;449293
-3012948;423442
-3019364;397505
-3025556;371492
-3031524;345397
-3037266;319228
-3042783;292985
-3048072;266672
-3053134;240286
-3057968;213835
-3062571;187314
-3066945;160730
-3071087;134086
-3074999;107379
-3078677;80618
-3082122;53797
-3085333;26924
-3088311;-1
-3091052;-26973
-3093558;-53998
-3095829;-81069
-3097860;-108180
-3099656;-135335
-3101211;-162527
-3102530;-189760
-3103609;-217025
-3104447;-244326
-3105044;-271656
-3105403;-299016
-3105519;-326405
-3105394;-353815
-3105026;-381250
-3104416;-408703
-3103563;-436179
-3102467;-463667
-3101127;-491170
-3099543;-518684
-3097714;-546212
-3095642;-573742
-3093324;-601281
-3090761;-628823
-3087953;-656365
-3084901;-683908
-3081601;-711443
-3078054;-738977
-3074265;-766500
-3070226;-794015
-3065943;-821517
-3061412;-849005
-3056635;-876477
-3051612;-903928
-3046342;-931361
-3040826;-958770
-3035063;-986153
-3029055;-1013506
-3022797;-1040834
-3016296;-1068125
-3009547;-1095385
-3002551;-1122610
-2995310;-1149793
-2987822;-1176936
-2980090;-1204034
-2972111;-1231089
-2963887;-1258095
-2955418;-1285054
-2946704;-1311957
-2937746;-1338809
-2928541;-1365600
-2919094;-1392337
-2909401;-1419012
-2899469;-1445623
-2889290;-1472169
-2878871;-1498644
-2868206;-1525053
-2857303;-1551388
-2846156;-1577649
-2834770;-1603835
-2823141;-1629941
-2811274;-1655969
-2799168;-1681910
-2786823;-1707766
-2774239;-1733537
-2761417;-1759219
-2748358;-1784804
-2735060;-1810299
-2721531;-1835695
-2707763;-1860996
-2693763;-1886195
-2679530;-1911291
-2665062;-1936282
-2650362;-1961163
-2635428;-1985943
-2620270;-2010605
-2604875;-2035156
-2589255;-2059586
-2573406;-2083903
-2557332;-2108098
-2541025;-2132174
-2524498;-2156127
-2507743;-2179948
-2490765;-2203645
-2473566;-2227208
-2456146;-2250642
-2438503;-2273943
-2420642;-2297104
-2402560;-2320123
-2384261;-2343006
-2365746;-2365749
-2347015;-2388341
-2328069;-2410788
-2308912;-2433087
-2289542;-2455233
-2269961;-2477227
-2250169;-2499068
-2230171;-2520753
-2209966;-2542274
-2189554;-2563640
-2168935;-2584838
-2148115;-2605873
-2127092;-2626742
-2105867;-2647443
-2084448;-2667969
-2062829;-2688328
-2041009;-2708511
-2018998;-2728519
-1996791;-2748343
-1974389;-2767993
-1951799;-2787461
-1929021;-2806744
-1906052;-2825842
-1882902;-2844750
-1859558;-2863472
-1836038;-2882002
-1812332;-2900339
-1788447;-2918483
-1764385;-2936431
-1740141;-2954181
-1715728;-2971729
-1691137;-2989077
-1666375;-3006222
-1641441;-3023161
-1616342;-3039896
-1591072;-3056421
-1565641;-3072736
-1540039;-3088841
-1514277;-3104735
-1488358;-3120410
-1462281;-3135874
-1436048;-3151113
-1409653;-3166139
-1383111;-3180942
-1356416;-3195522
-1329575;-3209879
-1302582;-3224013
-1275454;-3237912
-1248167;-3251596
-1220747;-3265039
-1193187;-3278255
-1165488;-3291240
-1137655;-3303989
-1109685;-3316503
-1081586;-3328779
-1053354;-3340816
-1024995;-3352620
-996510;-3364175
-967904;-3375494
-939179;-3386568
-910323;-3397398
-881362;-3407975
-852279;-3418315
-823084;-3428405
-793780;-3438243
-764361;-3447828
-734838;-3457164
-705217;-3466247
-675485;-3475076
-645654;-3483648
-615730;-3491971
-585703;-3500028
-555592;-3507826
-525370;-3515381
-495079;-3522661
-464688;-3529677
-434219;-3536432
-403662;-3542934
-373032;-3549169
-342315;-3555135
-311530;-3560837
-280674;-3566264
-249735;-3571435
-218737;-3576327
-187671;-3580960
-156540;-3585324
-125340;-3589406
-94093;-3593215
-62782;-3596766
-31416;-3600033
1;-3603031
31465;-3605752
62983;-3608200
94544;-3610372
126143;-3612270
157783;-3613884
189463;-3615227
221174;-3616291
252938;-3617076
284708;-3617579
316523;-3617810
348355;-3617749
380208;-3617418
412078;-3616806
443977;-3615910
475885;-3614732
507815;-3613278
539749;-3611527
571692;-3609505
603639;-3607201
635592;-3604611
667544;-3601744
699493;-3598590
731441;-3595140
763376;-3591430
795311;-3587416
827230;-3583130
859135;-3578553
891022;-3573692
922888;-3568549
954738;-3563118
986557;-3557416
1018357;-3551414
1050117;-3545125
1081851;-3538569
1113549;-3531718
1145212;-3524589
1176831;-3517168
1208407;-3509471
1239944;-3501495
1271429;-3493224
1302865;-3484670
1334250;-3475838
1365573;-3466722
1396845;-3457328
1428075;-3447645
1459217;-3437690
1490304;-3427440
1521312;-3416919
1552264;-3406123
1583134;-3395033
1613919;-3383678
1644657;-3372027
1675297;-3360108
1705839;-3347906
1736325;-3335428
1766699;-3322675
1797000;-3309652
1827194;-3296340
1857297;-3282763
1887306;-3268911
1917207;-3254768
1947007;-3240365
1976709;-3225687
2006296;-3210754
2035782;-3195527
2065132;-3180042
2094390;-3164280
2123518;-3148252
2152540;-3131952
2181432;-3115388
2210195;-3098563
2238842;-3081480
2267325;-3064116
2295717;-3046506
2323943;-3028620
2352055;-3010489
2380012;-2992082
2407833;-2973418
2435501;-2954491
2463028;-2935318
2490412;-2915892
2517628;-2896229
2544707;-2876264
2571615;-2856074
2598386;-2835637
2624976;-2814946
2651409;-2794004
2677683;-2772811
2703781;-2751396
2729696;-2729705
2755453;-2707785
2781063;-2685627
2806454;-2663219
2831683;-2640581
2856728;-2617688
2881576;-2594591
2906250;-2571244
2930730;-2547638
2955025;-2523828
2979144;-2499792
3003046;-2475513
3026756;-2451023
3050264;-2426281
3073578;-2401343
3096676;-2376169
3119595;-2350756
3142279;-2325161
3164764;-2299330
3187039;-2273292
3209110;-2247028
3230923;-2220563
3252575;-2193890
3273978;-2166981
3295154;-2139910
3316122;-2112605
3336851;-2085098
3357335;-2057391
3377633;-2029477
3397671;-2001387
3417485;-1973088
3437074;-1944604
3456397;-1915930
3475505;-1887042
3494368;-1857981
3512980;-1828745
3531362;-1799318
3549473;-1769695
3567373;-1739930
3584996;-1709937
3602365;-1679806
3619466;-1649488
3636353;-1619021
3652959;-1588345
3669316;-1557544
3685422;-1526552
3701242;-1495411
3716826;-1464085
3732108;-1432653
3747166;-1400994
3761934;-1369244
3776440;-1337324
3790655;-1305225
3804606;-1273018
3818301;-1240647
3831718;-1208119
3844813;-1175459
3857692;-1142710
3870276;-1109760
3882570;-1076725
3894573;-1043572
3906309;-1010250
3917727;-976804
3928902;-943249
3939789;-909568
3950351;-875776
3960622;-841883
3970621;-807813
3980363;-773703
3989746;-739448
3998872;-705105
4007686;-670665
4016222;-636108
4024426;-601448
4032364;-566707
4039997;-531876
4047340;-496943
4054348;-461951
4061075;-426848
4067500;-391662
4073605;-356376
4079385;-321056
4084906;-285641
4090095;-250166
4094951;-214620
4099526;-179012
4103804;-143280
4107759;-107570
4111411;-71780
4114726;-35897
4117748;3
4120450;35960
4122839;71967
4124912;108016
4126671;144109
4128113;180238
4129238;216406
4130047;252605
4130538;288837
4130711;325094
4130565;361379
4130101;397687
4129317;434010
4128213;470353
4126790;506707
4125046;543075
4122982;579448
4120596;615829
4117890;652209
4114861;688593
4111512;724974
4107840;761344
4103847;797710
4099532;834060
4094894;870399
4089935;906717
4084652;943019
4079049;979293
4073122;1015545
4066873;1051769
4060302;1087956
4053408;1124113
4046194;1160228
4038656;1196307
4030798;1232339
4022617;1268329
4014116;1304266
4005293;1340154
3996150;1375984
3986685;1411761
3976900;1447477
3966796;1483126
3956372;1518712
3945629;1554226
3934567;1589671
3923187;1625038
3911488;1660331
3899474;1695540
3887140;1730669
3874491;1765711
3861528;1800661
3848248;1835524
3834654;1870287
3820746;1904957
3806525;1939522
3791990;1973988
3777146;2008344
3761988;2042595
3746520;2076735
3730745;2110756
3714659;2144663
3698267;2178447
3681566;2212112
3664561;2245646
3647249;2279058
3629635;2312333
3611715;2345478
3593495;2378483
3574972;2411351
3556149;2444078
3537029;2476656
3517609;2509090
3497893;2541370
3477881;2573500
3457575;2605471
3436975;2637287
3416085;2668938
3394900;2700428
3373427;2731752
3351668;2762904
3329619;2793886
3307287;2824691
3284668;2855322
3261769;2885771
3238586;2916040
3215125;2946120
3191384;2976017
3167365;3005723
3143073;3035233
3118505;3064552
3093667;3093669
3068555;3122589
3043177;3151303
3017528;3179815
2991616;3208116
2965437;3236211
2938995;3264091
2912296;3291754
2885334;3319203
2858118;3346428
2830643;3373434
2802918;3400212
2774936;3426766
2746709;3453088
2718230;3479180
2689508;3505035
2660538;3530657
2631326;3556040
2601876;3581179
2572185;3606077
2542261;3630727
2512098;3655131
2481707;3679284
2451082;3703186
2420232;3726831
2389152;3750222
2357849;3773355
2326326;3796224
2294581;3818832
2262622;3841173
2230444;3863249
2198056;3885053
2165454;3906589
2132647;3927849
2099630;3948836
2066409;3969545
2032990;3989973
1999369;4010123
1965554;4029986
1931540;4049567
1897339;4068859
1862944;4087865
1828365;4106577
1793598;4124999
1758652;4143125
1723522;4160957
1688216;4178491
1652737;4195724
1617084;4212658
1581264;4229286
1545273;4245612
1509121;4261630
1472803;4277342
1436330;4292742
1399697;4307833
1362910;4322612
1325974;4337074
1288886;4351222
1251657;4365052
1214280;4378565
1176766;4391756
1139110;4404627
1101324;4417174
1063401;4429397
1025349;4441295
987174;4452864
948871;4464107
910451;4475019
871909;4485602
833255;4495851
794485;4505767
755609;4515349
716622;4524595
677536;4533505
638344;4542076
599055;4550310
559675;4558202
520198;4565754
480636;4572963
440984;4579830
401252;4586351
361437;4592530
321548;4598362
281581;4603847
241542;4608985
201439;4613774
161267;4618214
121037;4622304
80744;4626043
40399;4629430
-2;4632466
-40450;4635149
-80950;4637479
-121492;4639455
-162072;4641075
-202693;4642341
-243343;4643251
-284031;4643806
-324741;4644003
-365481;4643843
-406238;4643325
-447019;4642450
-487811;4641216
-528620;4639623
-569438;4637672
-610258;4635361
-651086;4632691
-691908;4629661
-732732;4626271
-773545;4622521
-814353;4618411
-855143;4613940
-895922;4609109
-936682;4603917
-977414;4598365
-1018126;4592452
-1058804;4586179
-1099455;4579544
-1140066;4572551
-1180643;4565197
-1221174;4557482
-1261665;4549407
-1302107;4540972
-1342494;4532179
-1382832;4523025
-1423107;4513514
-1463325;4503642
-1503476;4493413
-1543564;4482825
-1583576;4471881
-1623520;4460578
-1663382;4448920
-1703170;4436904
-1742873;4424532
-1782487;4411806
-1822015;4398724
-1861446;4385290
-1900786;4371501
-1940022;4357361
-1979161;4342866
-2018190;4328021
-2057114;4312825
-2095928;4297279
-2134622;4281385
-2173203;4265142
-2211658;4248553
-2249993;4231614
-2288197;4214332
-2326274;4196704
-2364214;4178734
-2402022;4160419
-2439690;4141762
-2477211;4122766
-2514590;4103429
-2551816;4083756
-2588894;4063743
-2625813;4043395
-2662577;4022709
-2699177;4001694
-2735617;3980343
-2771886;3958662
-2807988;3936650
-2843917;3914308
-2879665;3891642
-2915239;3868646
-2950627;3845329
-2985833;3821686
-3020847;3797724
-3055675;3773439
-3090303;3748838
-3124740;3723917
-3158977;3698680
-3193008;3673132
-3226836;3647268
-3260453;3621097
-3293861;3594614
-3327053;3567826
-3360031;3540729
-3392786;3513332
-3425321;3485630
-3457632;3457625
-3489711;3429327
-3521563;3400729
-3553179;3371837
-3584560;3342650
-3615700;3313176
-3646601;3283409
-3677255;3253359
-3707665;3223020
-3737823;3192402
-3767731;3161499
-3797384;3130316
-3826777;3098860
-3855912;3067126
-3884782;3035124
-3913391;3002846
-3941729;2970305
-3969798;2937494
-3997594;2904421
-4025116;2871084
-4052362;2837488
-4079324;2803639
-4106006;2769532
-4132401;2735174
-4158512;2700565
-4184330;2665711
-4209860;2630609
-4235093;2595268
-4260031;2559682
-4284671;2523859
-4309008;2487804
-4333043;2451512
-4356771;2414995
-4380194;2378246
-4403305;2341277
-4426105;2304081
-4448589;2266669
-4470761;2229036
-4492612;2191192
-4514144;2153134
-4535354;2114865
-4556239;2076394
-4576798;2037717
-4597026;1998842
-4616928;1959765
-4636495;1920498
-4655730;1881034
-4674626;1841384
-4693189;1801543
-4711411;1761518
-4729289;1721317
-4746827;1680934
-4764017;1640380
-4780862;1599651
-4797359;1558755
-4813505;1517689
-4829301;1476465
-4844745;1435076
-4859833;1393529
-4874564;1351834
-4888937;1309982
-4902951;1267986
-4916604;1225842
-4929894;1183560
-4942822;1141137
-4955382;1098580
-4967577;1055889
-4979406;1013070
-4990864;970122
-5001951;927053
-5012667;883865
-5023010;840557
-5032977;797143
-5042570;753612
-5051786;709981
-5060624;666241
-5069084;622406
-5077163;578467
-5084862;534435
-5092178;490318
-5099112;446109
-5105662;401822
-5111826;357449
-5117605;313006
-5122998;268482
-5128001;223893
-5132619;179231
-5136846;134508
-5140682;89729
-5144132;44888
-5147185;-2
-5149848;-44946
-5152119;-89930
-5153997;-134965
-5155480;-180035
-5156571;-225143
-5157263;-270280
-5157564;-315453
-5157468;-360651
-5156974;-405864
-5156084;-451101
-5154798;-496350
-5153114;-541617
-5151033;-586886
-5148554;-632164
-5145677;-677440
-5142400;-722720
-5138726;-767992
-5134653;-813249
-5130180;-858503
32773718;32768100
32776576;32768224
32779432;32768400
32782284;32768624
32785134;32768898
32787980;32769222
32790820;32769596
32793656;32770020
32796486;32770492
32799310;32771014
32802126;32771586
32804936;32772208
32807736;32772878
32810526;32773598
32813308;32774368
32816078;32775186
32818838;32776052
32821586;32776968
32824322;32777932
32827044;32778944
32829754;32780004
32832450;32781112
32835130;32782268
32837794;32783472
32840442;32784724
32843074;32786024
32845688;32787370
32848286;32788764
32850864;32790204
32853422;32791690
32855960;32793222
32858480;32794802
32860976;32796426
32863452;32798096
32865906;32799812
32868336;32801572
32870742;32803378
32873126;32805226
32875484;32807120
32877816;32809058
32880124;32811040
32882404;32813066
32884658;32815134
32886884;32817244
32889082;32819396
32891252;32821592
32893392;32823828
32895502;32826106
32897582;32828424
32899630;32830784
32901648;32833184
32903632;32835624
32905586;32838104
32907504;32840622
32909390;32843178
32911242;32845774
32913058;32848408
32914840;32851078
32916586;32853786
32918296;32856532
32919968;32859312
32921604;32862128
32923202;32864982
32924762;32867868
32926282;32870790
32927764;32873746
32929206;32876734
32930608;32879756
32931968;32882812
32933288;32885898
32934566;32889018
32935802;32892168
32936996;32895348
32938148;32898558
32939254;32901800
32940318;32905068
32941338;32908366
32942314;32911692
32943244;32915046
32944128;32918428
32944966;32921834
32945758;32925268
32946504;32928726
32947204;32932210
32947856;32935718
32948460;32939250
32949014;32942804
32949522;32946382
32949980;32949980
32950390;32953602
32950750;32957242
32951060;32960904
32951320;32964586
32951528;32968286
32951688;32972006
32951794;32975742
32951852;32979496
32951856;32983268
32951808;32987054
32951708;32990856
32951556;32994674
32951352;32998504
32951094;33002348
32950782;33006206
32950418;33010076
32949998;33013958
32949526;33017850
32949000;33021752
32948418;33025664
32947782;33029586
32947092;33033516
32946346;33037452
32945546;33041396
32944690;33045348
32943778;33049304
32942810;33053266
32941788;33057232
32940708;33061200
32939572;33065172
32938382;33069148
32937134;33073124
32935828;33077102
32934468;33081080
32933048;33085056
32931574;33089032
32930042;33093006
32928454;33096978
32926808;33100948
32925104;33104912
32923344;33108872
32921526;33112828
32919652;33116776
32917720;33120718
32915730;33124654
32913684;33128580
32911580;33132498
32909418;33136408
32907200;33140306
32904924;33144194
32902590;33148070
32900198;33151934
32897750;33155784
32895246;33159622
32892682;33163444
32890064;33167252
32887386;33171044
32884654;33174818
32881862;33178576
32879016;33182316
32876112;33186038
32873152;33189740
32870134;33193422
32867062;33197084
32863932;33200724
32860748;33204342
32857506;33207936
32854210;33211508
32850856;33215054
32847448;33218576
32843986;33222074
32840468;33225544
32836894;33228986
32833268;33232402
32829586;33235788
32825850;33239146
32822060;33242474
32818216;33245772
32814318;33249038
32810368;33252274
32806366;33255476
32802310;33258644
32798200;33261780
32794040;33264880
32789828;33267944
32785564;33270974
32781250;33273966
32776884;33276922
32772466;33279840
32768000;33282718
32763484;33285558
32758918;33288358
32754302;33291118
32749638;33293836
32744924;33296512
32740164;33299146
32735356;33301738
32730500;33304286
32725596;33306788
32720648;33309246
32715652;33311660
32710610;33314026
32705524;33316344
32700392;33318618
32695218;33320842
32689998;33323016
32684734;33325144
32679428;33327220
32674080;33329246
32668688;33331220
32663256;33333144
32657784;33335016
32652270;33336834
32646716;33338600
32641122;33340312
32635488;33341968
32629818;33343572
32624108;33345118
32618362;33346610
32612578;33348044
32606758;33349420
32600902;33350740
32595010;33352002
32589086;33353204
32583126;33354348
32577132;33355432
32571106;33356456
32565046;33357418
32558956;33358320
32552836;33359162
32546682;33359940
32540502;33360656
32534290;33361308
32528050;33361898
32521782;33362422
32515486;33362884
32509166;33363280
32502818;33363610
32496444;33363876
32490046;33364074
32483624;33364208
32477178;33364274
32470710;33364272
32464220;33364202
32457708;33364066
32451176;33363860
32444624;33363586
32438052;33363242
32431462;33362828
32424854;33362346
32418230;33361792
32411588;33361168
32404932;33360474
32398260;33359708
32391574;33358870
32384874;33357962
32378162;33356980
32371438;33355926
32364704;33354800
32357958;33353600
32351202;33352328
32344438;33350982
32337666;33349562
32330886;33348068
32324100;33346502
32317308;33344858
32310512;33343142
32303710;33341350
32296906;33339482
32290098;33337540
32283290;33335522
32276480;33333430
32269670;33331260
32262860;33329016
32256052;33326694
32249246;33324296
32242442;33321822
32235642;33319272
32228848;33316646
32222058;33313942
32215276;33311160
32208500;33308304
32201732;33305368
32194972;33302356
32188224;33299268
32181484;33296102
32174756;33292858
32168040;33289536
32161338;33286138
32154648;33282662
32147974;33279110
32141316;33275480
32134672;33271772
32128048;33267986
32121440;33264122
32114852;33260182
32108282;33256166
32101734;33252070
32095208;33247898
32088702;33243650
32082222;33239322
32075764;33234920
32069330;33230438
32062924;33225882
32056544;33221248
32050190;33216538
32043864;33211750
32037570;33206888
32031304;33201948
32025068;33196932
32018864;33191840
32012692;33186674
32006556;33181430
32000452;33176112
31994384;33170720
31988350;33165252
31982354;33159708
31976396;33154092
31970476;33148400
31964594;33142634
31958754;33136794
31952954;33130882
31947196;33124896
31941480;33118836
31935808;33112706
31930182;33106500
31924598;33100224
31919062;33093876
31913572;33087458
31908130;33080968
31902736;33074406
31897390;33067774
31892096;33061074
31886852;33054302
31881660;33047462
31876520;33040552
31871434;33033574
31866402;33026528
31861426;33019416
31856504;33012234
31851638;33004988
31846830;32997674
31842080;32990294
31837390;32982848
31832758;32975338
31828188;32967764
31823678;32960124
31819230;32952422
31814846;32944656
31810524;32936828
31806268;32928940
31802076;32920988
31797948;32912974
31793888;32904902
31789896;32896770
31785972;32888578
31782116;32880328
31778328;32872018
31774612;32863652
31770968;32855230
31767394;32846750
31763892;32838214
31760462;32829624
31757108;32820978
31753828;32812280
31750622;32803528
31747492;32794724
31744438;32785866
31741462;32776958
31738562;32768000
31735742;32758992
31733002;32749934
31730340;32740828
31727760;32731674
31725258;32722472
31722840;32713226
31720504;32703932
31718250;32694594
31716080;32685212
31713994;32675786
31711992;32666318
31710076;32656808
31708246;32647256
31706500;32637664
31704844;32628034
31703274;32618362
31701792;32608654
31700398;32598908
31699094;32589126
31697880;32579308
31696756;32569456
31695722;32559570
31694780;32549652
31693930;32539698
31693170;32529716
31692504;32519702
31691932;32509658
31691452;32499586
31691068;32489486
31690776;32479360
31690582;32469206
31690482;32459026
31690476;32448822
31690568;32438596
31690756;32428346
31691042;32418076
31691424;32407784
31691906;32397472
31692484;32387140
31693162;32376792
31693938;32366424
31694814;32356042
31695788;32345646
31696864;32335234
31698040;32324808
31699316;32314370
31700692;32303922
31702172;32293462
31703750;32282994
31705432;32272516
31707214;32262032
31709100;32251540
31711088;32241042
31713180;32230542
31715372;32220038
31717670;32209530
31720070;32199022
31722576;32188512
31725182;32178002
31727894;32167496
31730712;32156990
31733632;32146488
31736656;32135990
31739786;32125500
31743020;32115016
31746360;32104538
31749804;32094070
31753352;32083610
31757006;32073164
31760766;32062728
31764630;32052304
31768602;32041894
31772678;32031500
31776860;32021120
31781144;32010758
31785538;32000416
31790036;31990092
31794638;31979788
31799348;31969506
31804162;31959246
31809082;31949006
31814108;31938794
31819238;31928606
31824474;31918446
31829816;31908312
31835262;31898208
31840814;31888134
31846470;31878088
31852230;31868078
31858098;31858098
31864068;31848154
31870144;31838242
31876322;31828368
31882606;31818532
31888994;31808734
31895484;31798974
31902080;31789254
31908776;31779578
31915578;31769942
31922482;31760352
31929490;31750804
31936598;31741304
31943808;31731850
31951122;31722444
31958536;31713086
31966052;31703778
31973668;31694522
31981386;31685320
31989204;31676168
31997120;31667070
32005138;31658028
32013254;31649042
32021468;31640116
32029784;31631246
32038194;31622434
32046704;31613684
32055310;31604996
32064012;31596368
32072812;31587808
32081708;31579308
32090700;31570876
32099786;31562510
32108966;31554210
32118240;31545982
32127610;31537822
32137070;31529734
32146624;31521714
32156270;31513770
32166008;31505898
32175836;31498100
32185754;31490382
32195764;31482734
32205862;31475168
32216046;31467680
32226320;31460272
32236682;31452942
32247128;31445696
32257666;31438530
32268284;31431450
32278988;31424452
32289776;31417540
32300650;31410714
32311604;31403974
32322640;31397326
32333760;31390766
32344960;31384292
32356238;31377912
32367596;31371624
32379032;31365426
32390546;31359324
32402138;31353316
32413804;31347400
32425548;31341584
32437364;31335864
32449258;31330242
32461220;31324716
32473258;31319292
32485366;31313970
32497544;31308748
32509790;31303624
32522108;31298608
32534490;31293696
32546944;31288884
32559462;31284178
32572046;31279580
32584694;31275092
32597406;31270706
32610178;31266428
32623016;31262262
32635910;31258206
32648864;31254262
32661880;31250426
32674954;31246706
32688086;31243096
32701268;31239594
32714508;31236218
32727804;31232950
32741150;31229796
32754550;31226764
32768000;31223844
32781500;31221042
32795050;31218360
32808648;31215798
32822290;31213352
32835978;31211030
32849712;31208828
32863488;31206744
32877312;31204786
32891172;31202948
32905072;31201236
32919018;31199644
32932996;31198176
32947010;31196834
32961066;31195622
32975150;31194528
32989274;31193562
33003426;31192728
33017612;31192018
33031826;31191436
33046072;31190982
33060342;31190658
33074642;31190458
33088968;31190392
33103314;31190456
33117688;31190652
33132082;31190980
33146500;31191434
33160934;31192022
33175388;31192744
33189860;31193598
33204348;31194580
33218850;31195704
33233366;31196958
33247894;31198338
33262432;31199860
33276984;31201516
33291540;31203304
33306104;31205230
33320676;31207288
33335254;31209484
33349834;31211814
33364416;31214284
33378998;31216888
33393582;31219626
33408172;31222504
33422742;31225516
33437326;31228668
33451890;31231950
33466460;31235374
33481018;31238940
33495556;31242634
33510096;31246472
33524628;31250450
33539134;31254566
33553634;31258814
33568116;31263202
33582584;31267728
33597032;31272392
33611460;31277188
33625868;31282132
33640248;31287218
33654608;31292432
33668944;31297782
33683260;31303284
33697548;31308910
33711800;31314678
33726020;31320586
33740212;31326634
33754380;31332816
33768504;31339136
33782596;31345594
33796648;31352186
33810664;31358920
33824648;31365784
33838576;31372796
33852480;31379930
33866324;31387214
33880140;31394628
33893896;31402176
33907612;31409868
33921272;31417688
33934888;31425634
33948460;31433728
33961968;31441966
33975428;31450324
33988832;31458822
34002176;31467450
34015464;31476210
34028696;31485104
34041860;31494140
34054968;31503298
34068012;31512588
34080988;31522016
34093912;31531568
34106756;31541256
34119536;31551068
34132240;31561018
34144884;31571098
34157448;31581294
34169952;31591628
34182368;31602090
34194708;31612672
34206972;31623394
34219160;31634232
34231264;31645194
34243292;31656290
34255240;31667504
34267096;31678844
34278876;31690304
34290564;31701886
34302160;31713596
34313676;31725430
34325104;31737380
34336436;31749440
34347672;31761632
34358824;31773942
34369876;31786376
34380832;31798918
34391684;31811570
34402448;31824348
34413108;31837232
34423680;31850240
34434132;31863366
34444488;31876596
34454736;31889938
34464884;31903392
34474920;31916964
34484868;31930638
34494684;31944424
34504384;31958316
34513984;31972308
34523480;31986404
34532860;32000614
34542116;32014926
34551276;32029344
34560292;32043860
34569208;32058482
34577992;32073194
34586668;32088028
34595224;32102938
34603664;32117966
34611964;32133078
34620136;32148276
34628204;32163590
34636132;32178988
34643924;32194456
34651608;32210046
34659152;32225716
34666576;32241482
34673840;32257326
34681008;32273266
34688020;32289282
34694908;32305388
34701672;32321578
34708292;32337838
34714748;32354192
34721104;32370638
34727304;32387150
34733352;32403752
34739276;32420412
34745048;32437152
34750696;32453972
34756176;32470868
34761536;32487822
34766736;32504862
34771796;32521956
34776708;32539128
34781476;32556380
34786096;32573676
34790552;32591060
34794876;32608496
34799044;32625978
34803056;32643538
34806908;32661138
34810624;32678806
34814188;32696560
34817600;32714316
34820848;32732160
34823940;32750048
34826876;32768000
34829656;32785992
34832280;32804032
34834744;32822120
34837052;32840254
34839200;32858430
34841188;32876652
34843012;32894914
34844680;32913216
34846184;32931556
34847528;32949936
34848704;32968350
34849720;32986798
34850576;33005280
34851264;33023794
34851788;33042336
34852144;33060908
34852336;33079506
34852364;33098130
34852224;33116780
34851916;33135452
34851444;33154144
34850800;33172856
34849992;33191586
34849012;33210334
34847864;33229096
34846548;33247870
34845060;33266658
34843404;33285456
34841580;33304266
34839584;33323080
34837416;33341900
34835076;33360726
34832568;33379554
34829888;33398382
34827036;33417212
34824012;33436038
34820816;33454862
34817448;33473682
34813904;33492494
34810192;33511298
34806308;33530092
34802248;33548876
34798016;33567644
34793612;33586400
34789036;33605140
34784284;33623864
34779364;33642564
34774268;33661248
34768996;33679908
34763556;33698544
34757940;33717152
34752152;33735736
34746188;33754288
34740056;33772812
34733748;33791304
34727268;33809760
34720616;33828184
34713792;33846572
34706792;33864916
34699624;33883224
34692280;33901488
34684768;33919712
34677084;33937888
34669228;33956020
34661200;33974100
34653000;33992132
34644628;34010116
34636088;34028044
34627380;34045916
34618500;34063736
34609448;34081492
34600232;34099192
34590844;34116832
34581288;34134408
34571560;34151920
34561668;34169368
34551608;34186748
34541384;34204060
34530992;34221300
34520432;34238464
34509708;34255560
34498816;34272576
34487764;34289520
34476548;34306384
34465164;34323164
34453620;34339868
34441912;34356484
34430044;34373020
34418016;34389468
34405824;34405824
34393472;34422096
34380964;34438272
34368296;34454360
34355468;34470352
34342484;34486248
34329344;34502048
34316044;34517748
34302592;34533348
34288988;34548848
34275228;34564244
34261312;34579536
34247248;34594720
34233032;34609796
34218664;34624764
34204144;34639620
34189480;34654368
34174664;34669000
34159700;34683516
34144592;34697912
34129340;34712196
34113940;34726360
34098400;34740400
34082716;34754320
34066888;34768116
34050920;34781784
34034816;34795328
34018568;34808744
34002184;34822032
33985664;34835188
33969008;34848212
33952220;34861100
33935296;34873856
33918236;34886476
33901048;34898956
33883732;34911300
33866284;34923504
33848708;34935564
33831004;34947484
33813176;34959256
33795220;34970884
33777144;34982368
33758948;34993704
33740624;35004888
33722188;35015924
33703628;35026804
33684952;35037536
33666160;35048112
33647252;35058532
33628232;35068796
33609100;35078904
33589856;35088848
33570504;35098636
33551040;35108264
33531472;35117728
33511798;35127028
33492020;35136164
33472138;35145132
33452156;35153936
33432072;35162572
33411892;35171036
33391612;35179332
33371238;35187456
33350770;35195408
33330208;35203188
33309554;35210796
33288810;35218224
33267978;35225476
33247060;35232556
33226056;35239452
33204968;35246172
33183798;35252712
33162546;35259068
33141216;35265244
33119806;35271240
33098322;35277048
33076762;35282676
33055130;35288116
33033426;35293368
33011652;35298436
32989810;35303312
32967902;35308004
32945928;35312504
32923892;35316812
32901792;35320932
32879634;35324860
32857416;35328592
32835144;35332136
32812814;35335484
32790434;35338636
32768000;35341592
32745516;35344352
32722984;35346920
32700406;35349288
32677782;35351456
32655116;35353428
32632410;35355200
32609664;35356772
32586878;35358144
32564058;35359316
32541204;35360288
32518318;35361056
32495400;35361620
32472452;35361984
32449478;35362144
32426480;35362100
32403456;35361856
32380412;35361404
32357348;35360744
32334266;35359884
32311168;35358816
32288056;35357544
32264930;35356064
32241796;35354376
32218650;35352484
32195500;35350384
32172342;35348076
32149184;35345560
32126020;35342836
32102860;35339904
32079702;35336764
32056546;35333412
32033400;35329856
32010258;35326088
31987128;35322116
31964008;35317932
31940906;35313536
31917814;35308936
31894742;35304120
31871690;35299100
31848656;35293868
31825650;35288428
31802666;35282780
31779710;35276920
31756782;35270852
31733886;35264576
31711020;35258088
31688190;35251392
31665398;35244484
31642642;35237372
31619928;35230048
31597254;35222516
31574628;35214776
31552044;35206828
31529510;35198672
31507024;35190308
31484594;35181736
31462212;35172960
31439888;35163972
31417624;35154780
31395416;35145384
31373272;35135780
31351188;35125968
31329174;35115952
31307222;35105732
31285342;35095308
31263530;35084680
31241792;35073844
31220130;35062812
31198542;35051572
31177036;35040132
31155608;35028488
31134262;35016648
31113000;35004604
31091826;34992360
31070736;34979916
31049738;34967272
31028832;34954432
31008018;34941396
30987302;34928160
30966680;34914728
30946158;34901104
30925736;34887280
30905418;34873268
30885204;34859056
30865096;34844656
30845096;34830060
30825204;34815276
30805428;34800304
30785762;34785136
30766214;34769784
30746782;34754244
30727470;34738516
30708276;34722604
30689208;34706504
30670262;34690220
30651440;34673756
30632750;34657108
30614188;34640280
30595758;34623272
30577458;34606080
30559296;34588716
30541268;34571168
30523382;34553452
30505632;34535556
30488024;34517484
30470562;34499244
30453242;34480828
30436070;34462244
30419046;34443492
30402172;34424572
30385448;34405480
30368880;34386228
30352464;34366808
30336208;34347224
30320106;34327480
30304164;34307572
30288386;34287508
30272768;34267284
30257318;34246904
30242030;34226368
30226912;34205680
30211960;34184836
30197182;34163840
30182572;34142696
30168138;34121400
30153880;34099960
30139796;34078372
30125892;34056640
30112166;34034768
30098622;34012752
30085258;33990596
30072080;33968300
30059084;33945868
30046276;33923300
30033656;33900600
30021224;33877768
30008986;33854804
29996936;33831712
29985082;33808492
29973420;33785144
29961956;33761672
29950686;33738076
29939618;33714364
29928746;33690528
29918078;33666576
29907610;33642508
29897344;33618324
29887286;33594032
29877430;33569624
29867784;33545110
29858344;33520486
29849114;33495760
29840094;33470928
29831284;33445992
29822688;33420960
29814306;33395826
29806136;33370598
29798184;33345272
29790448;33319856
29782928;33294348
29775630;33268752
29768548;33243066
29761688;33217294
29755052;33191442
29748636;33165506
29742444;33139492
29736476;33113398
29730734;33087228
29725216;33060986
29719928;33034672
29714866;33008286
29710032;32981836
29705428;32955314
29701054;32928730
29696912;32902086
29693000;32875380
29689324;32848618
29685878;32821798
29682666;32794924
29679688;32767998
29676948;32741026
29674442;32714002
29672172;32686930
29670140;32659820
29668344;32632664
29666788;32605472
29665470;32578240
29664390;32550974
29663552;32523674
29662956;32496344
29662596;32468984
29662480;32441594
29662606;32414184
29662974;32386750
29663584;32359296
29664436;32331820
29665532;32304332
29666872;32276830
29668456;32249316
29670286;32221788
29672358;32194258
29674676;32166718
29677238;32139176
29680048;32111634
29683100;32084092
29686398;32056556
29689946;32029022
29693734;32001500
29697774;31973984
29702056;31946484
29706588;31918994
29711364;31891522
29716388;31864072
29721658;31836638
29727174;31809230
29732936;31781846
29738944;31754494
29745202;31727166
29751704;31699876
29758452;31672614
29765448;31645390
29772690;31618206
29780178;31591064
29787910;31563966
29795888;31536910
29804112;31509904
29812582;31482946
29821296;31456042
29830254;31429190
29839458;31402400
29848906;31375664
29858598;31348988
29868532;31322376
29878710;31295832
29889128;31269356
29899794;31242948
29910696;31216612
29921844;31190350
29933230;31164164
29944858;31138058
29956726;31112030
29968832;31086090
29981176;31060234
29993760;31034462
30006584;31008780
30019642;30983196
30032940;30957700
30046468;30932304
30060236;30907004
30074236;30881804
30088470;30856708
30102938;30831718
30117638;30806836
30132572;30782056
30147730;30757394
30163124;30732844
30178744;30708414
30194594;30684096
30210668;30659902
30226974;30635826
30243502;30611872
30260256;30588052
30277234;30564354
30294434;30540792
30311854;30517358
30329496;30494056
30347358;30470896
30365440;30447876
30383738;30424994
30402254;30402250
30420984;30379660
30439932;30357212
30459088;30334912
30478458;30312766
30498038;30290772
30517830;30268932
30537828;30247246
30558034;30225726
30578446;30204360
30599064;30183162
30619884;30162126
30640908;30141258
30662132;30120556
30683552;30100030
30705170;30079672
30726990;30059488
30749002;30039480
30771208;30019656
30793610;30000006
30816200;29980538
30838978;29961256
30861948;29942158
30885098;29923250
30908442;29904528
30931962;29885998
30955668;29867660
30979552;29849516
31003614;29831568
31027858;29813818
31052272;29796270
31076862;29778922
31101624;29761778
31126560;29744838
31151658;29728104
31176928;29711578
31202358;29695264
31227960;29679160
31253722;29663264
31279642;29647590
31305718;29632126
31331952;29616888
31358346;29601860
31384888;29587058
31411584;29572478
31438424;29558120
31465418;29543986
31492546;29530088
31519832;29516404
31547252;29502960
31574812;29489744
31602512;29476760
31630344;29464010
31658314;29451496
31686414;29439220
31714646;29427184
31743004;29415380
31771490;29403824
31800096;29392506
31828820;29381432
31857676;29370602
31886638;29360024
31915720;29349684
31944916;29339594
31974220;29329756
32003638;29320172
32033162;29310836
32062782;29301752
32092514;29292924
32122346;29284352
32152270;29276028
32182296;29267972
32212408;29260174
32242630;29252618
32272920;29245338
32303312;29238322
32333780;29231568
32364338;29225066
32394968;29218830
32425684;29212864
32456470;29207162
32487326;29201736
32518264;29196564
32549262;29191672
32580328;29187040
32611460;29182676
32642660;29178594
32673906;29174784
32705218;29171234
32736584;29167966
32768002;29164968
32799466;29162248
32830984;29159800
32862544;29157628
32894144;29155730
32925784;29154116
32957464;29152772
32989174;29151708
33020938;29150924
33052708;29150420
33084524;29150190
33116356;29150250
33148208;29150582
33180078;29151194
33211978;29152090
33243886;29153268
33275816;29154722
33307750;29156472
33339692;29158496
33371640;29160798
33403592;29163388
33435544;29166256
33467494;29169410
33499442;29172860
33531376;29176570
33563312;29180584
33595232;29184870
33627136;29189446
33659024;29194308
33690888;29199450
33722740;29204882
33754556;29210584
33786356;29216586
33818116;29222874
33849852;29229430
33881548;29236282
33913212;29243410
33944832;29250832
33976408;29258528
34007944;29266504
34039428;29274776
34070864;29283330
34102252;29292162
34133572;29301278
34164844;29310672
34196076;29320354
34227216;29330310
34258304;29340560
34289312;29351080
34320264;29361876
34351136;29372968
34381920;29384322
34412656;29395972
34443296;29407892
34473840;29420094
34504324;29432572
34534700;29445324
34565000;29458348
34595196;29471660
34625296;29485236
34655308;29499088
34685208;29513232
34715008;29527634
34744708;29542312
34774296;29557246
34803784;29572472
34833132;29587958
34862392;29603720
34891520;29619748
34920540;29636048
34949432;29652612
34978196;29669436
35006844;29686520
35035324;29703884
35063716;29721494
35091944;29739380
35120056;29757510
35148012;29775918
35175832;29794582
35203500;29813508
35231028;29832682
35258412;29852108
35285628;29871770
35312708;29891736
35339616;29911926
35366388;29932364
35392976;29953054
35419408;29973996
35445684;29995188
35471780;30016604
35497696;30038294
35523452;30060214
35549064;30082372
35574456;30104780
35599684;30127418
35624728;30150312
35649576;30173408
35674252;30196756
35698732;30220362
35723024;30244172
35747144;30268208
35771048;30292486
35794756;30316976
35818264;30341718
35841580;30366656
35864676;30391830
35887596;30417244
35910280;30442840
35932764;30468670
35955040;30494708
35977112;30520972
35998924;30547436
36020576;30574110
36041976;30601018
36063156;30628090
36084124;30655394
36104852;30682902
36125336;30710608
36145632;30738522
36165672;30766612
36185484;30794912
36205072;30823396
36224396;30852070
36243504;30880958
36262368;30910018
36280980;30939254
36299360;30968682
36317472;30998304
36335372;31028070
36352996;31058062
36370364;31088194
36387468;31118512
36404352;31148978
36420960;31179654
36437316;31210456
36453424;31241448
36469244;31272588
36484828;31303916
36500108;31335348
36515168;31367006
36529936;31398756
36544440;31430676
36558656;31462774
36572608;31494982
36586300;31527352
36599720;31559880
36612812;31592540
36625692;31625290
36638276;31658240
36650572;31691274
36662572;31724428
36674308;31757750
36685728;31791196
36696904;31824750
36707788;31858432
36718352;31892224
36728624;31926116
36738620;31960186
36748364;31994296
36757748;32028552
36766872;32062894
36775688;32097334
36784224;32131892
36792428;32166552
36800364;32201292
36807996;32236124
36815340;32271056
36822348;32306048
36829076;32341152
36835500;32376338
36841604;32411624
36847384;32446944
36852904;32482358
36858096;32517834
36862952;32553380
36867528;32588988
36871804;32624720
36875760;32660430
36879412;32696220
36882728;32732102
36885748;32768004
36888452;32803960
36890840;32839968
36892912;32876016
36894672;32912110
36896112;32948238
36897240;32984406
36898048;33020606
36898540;33056838
36898712;33093094
36898564;33129380
36898100;33165688
36897316;33202010
36896212;33238354
36894792;33274708
36893048;33311076
36890984;33347448
36888596;33383830
36885888;33420210
36882860;33456594
36879512;33492974
36875840;33529344
36871848;33565712
36867532;33602060
36862896;33638400
36857936;33674716
36852652;33711020
36847048;33747292
36841120;33783544
36834872;33819768
36828304;33855956
36821408;33892112
36814196;33928228
36806656;33964308
36798800;34000340
36790616;34036328
36782116;34072268
36773292;34108156
36764152;34143984
36754684;34179760
36744900;34215476
36734796;34251128
36724372;34286712
36713628;34322224
36702568;34357672
36691188;34393040
36679488;34428332
36667472;34463540
36655140;34498668
36642492;34533712
36629528;34568660
36616248;34603524
36602656;34638288
36588744;34672956
36574524;34707524
36559992;34741988
36545144;34776344
36529988;34810596
36514520;34844736
36498744;34878756
36482660;34912664
36466268;34946448
36449568;34980112
36432560;35013648
36415248;35047056
36397636;35080332
36379716;35113480
36361496;35146484
36342972;35179352
36324148;35212080
36305028;35244656
36285608;35277088
36265892;35309368
36245880;35341500
36225576;35373472
36204976;35405288
36184084;35436940
36162900;35468428
36141428;35499752
36119668;35530904
36097620;35561888
36075288;35592692
36052668;35623324
36029768;35653772
36006588;35684040
35983124;35714120
35959384;35744016
35935364;35773724
35911072;35803232
35886504;35832552
35861668;35861668
35836556;35890588
35811176;35919304
35785528;35947816
35759616;35976116
35733436;36004212
35706996;36032092
35680296;36059756
35653336;36087204
35626120;36114428
35598644;36141436
35570920;36168212
35542936;36194768
35514708;36221088
35486232;36247180
35457508;36273036
35428540;36298656
35399328;36324040
35369876;36349180
35340184;36374076
35310260;36398728
35280100;36423132
35249708;36447284
35219084;36471184
35188232;36494832
35157152;36518224
35125848;36541356
35094328;36564224
35062580;36586832
35030624;36609172
34998444;36631248
34966056;36653052
34933456;36674588
34900648;36695848
34867632;36716836
34834408;36737544
34800992;36757972
34767368;36778124
34733556;36797988
34699540;36817568
34665340;36836860
34630944;36855864
34596364;36874576
34561600;36893000
34526652;36911124
34491524;36928956
34456216;36946492
34420736;36963724
34385084;36980656
34349264;36997288
34313272;37013612
34277120;37029632
34240804;37045344
34204332;37060744
34167696;37075832
34130912;37090612
34093976;37105072
34056888;37119224
34019656;37133052
33982280;37146564
33944768;37159756
33907112;37172628
33869324;37185176
33831400;37197396
33793348;37209296
33755176;37220864
33716872;37232108
33678452;37243020
33639908;37253600
33601256;37263852
33562484;37273768
33523610;37283348
33484622;37292596
33445536;37301504
33406344;37310076
33367056;37318312
33327676;37326200
33288198;37333752
33248636;37340964
33208984;37347832
33169252;37354352
33129438;37360528
33089548;37366360
33049582;37371848
33009542;37376984
32969440;37381776
32929268;37386216
32889038;37390304
32848744;37394044
32808400;37397432
32767998;37400468
32727550;37403148
32687050;37405480
32646508;37407456
32605928;37409076
32565306;37410340
32524656;37411252
32483968;37411808
32443258;37412004
32402518;37411844
32361762;37411324
32320980;37410448
32280188;37409216
32239380;37407624
32198562;37405672
32157742;37403360
32116914;37400692
32076092;37397660
32035268;37394272
31994454;37390520
31953646;37386412
31912856;37381940
31872078;37377108
31831318;37371916
31790586;37366364
31749874;37360452
31709196;37354180
31668544;37347544
31627934;37340552
31587356;37333196
31546826;37325484
31506334;37317408
31465892;37308972
31425506;37300180
31385168;37291024
31344892;37281516
31304674;37271640
31264524;37261412
31224436;37250824
31184424;37239880
31144480;37228576
31104618;37216920
31064830;37204904
31025126;37192532
30985512;37179808
30945984;37166724
30906554;37153292
30867214;37139500
30827978;37125360
30788838;37110864
30749810;37096020
30710886;37080824
30672072;37065280
30633378;37049384
30594796;37033144
30556342;37016552
30518006;36999616
30479802;36982332
30441726;36964704
30403786;36946736
30365978;36928420
30328310;36909764
30290788;36890768
30253410;36871428
30216184;36851756
30179106;36831744
30142188;36811396
30105422;36790708
30068822;36769696
30032382;36748344
29996114;36726664
29960012;36704648
29924082;36682308
29888334;36659644
29852760;36636648
29817372;36613328
29782166;36589688
29747152;36565724
29712324;36541440
29677696;36516840
29643260;36491916
29609022;36466680
29574992;36441132
29541164;36415268
29507546;36389096
29474138;36362616
29440948;36335828
29407968;36308728
29375214;36281332
29342678;36253632
29310368;36225624
29278288;36197328
29246436;36168728
29214820;36139836
29183440;36110652
29152300;36081176
29121398;36051408
29090744;36021360
29060334;35991020
29030176;35960400
29000268;35929500
28970616;35898316
28941222;35866860
28912088;35835128
28883218;35803124
28854608;35770848
28826272;35738304
28798202;35705496
28770406;35672420
28742884;35639084
28715638;35605488
28688676;35571640
28661994;35537532
28635598;35503176
28609488;35468564
28583670;35433712
28558140;35398608
28532908;35363268
28507968;35327680
28483328;35291860
28458992;35255804
28434956;35219512
28411228;35182996
28387806;35146248
28364694;35109276
28341894;35072080
28319410;35034668
28297238;34997036
28275388;34959192
28253856;34921136
28232646;34882864
28211760;34844392
28191202;34805716
28170974;34766844
28151072;34727764
28131504;34688500
28112270;34649036
28093374;34609384
28074812;34569544
28056588;34529520
28038712;34489316
28021172;34448936
28003984;34408380
27987138;34367652
27970640;34326756
27954494;34285688
27938700;34244464
27923254;34203076
27908166;34161528
27893436;34119836
27879064;34077984
27865048;34035988
27851396;33993844
27838106;33951560
27825178;33909136
27812618;33866580
27800424;33823888
27788594;33781072
27777136;33738124
27766048;33695052
27755332;33651864
27744990;33608556
27735024;33565144
27725430;33521612
27716214;33477982
27707376;33434240
27698916;33390406
27690836;33346468
27683138;33302436
27675822;33258318
27668888;33214110
27662338;33169822
27656174;33125450
27650394;33081006
27645002;33036482
27639998;32991894
27635380;32947232
27631154;32902508
27627318;32857730
27623868;32812888
27620814;32767998
27618152;32723054
27615880;32678070
27614002;32633034
27612520;32587964
27611428;32542856
27610736;32497720
27610436;32452546
27610532;32407348
27611026;32362136
27611916;32316898
27613202;32271650
27614886;32226382
27616968;32181114
27619446;32135836
27622324;32090560
27625600;32045280
27629274;32000008
27633346;31954750
27637820;31909496
0;0
65536;75665
131072;151330
196608;226995
262144;302660
327680;378325
393216;453991
458752;529656
524288;605321
589824;680986
655360;756651
720896;832317
786432;907982
851968;983647
917504;1059312
983040;1134977
1048576;1210643
1114112;1286308
1179648;1361973
1245184;1437638
1310720;1513303
1376256;1588969
1441792;1664634
1507328;1740299
1572864;1815964
1638400;1891629
1703936;1967294
1769472;2042960
1835008;2118625
1900544;2194290
1966080;2269955
2031616;2345620
2097152;2421286
2162688;2496951
2228224;2572616
2293760;2648281
2359296;2723946
2424832;2799612
2490368;2875277
2555904;2950942
2621440;3026607
2686976;3102272
2752512;3177938
2818048;3253603
2883584;3329268
2949120;3404933
3014656;3480598
3080192;3556263
3145728;3631929
3211264;3707594
3276800;3783259
3342336;3858924
3407872;3934589
3473408;4010255
3538944;4085920
3604480;4161585
3670016;4237250
3735552;4312915
3801088;4388581
3866624;4464246
3932160;4539911
3997696;4615576
4063232;4691241
4128768;4766907
4194304;4842572
4259840;4918237
4325376;4993902
4390912;5069567
4456448;5145233
4521984;5220898
4587520;5296563
4653056;5372228
4718592;5447893
4784128;5523558
4849664;5599224
4915200;5674889
4980736;5750554
5046272;5826219
5111808;5901884
5177344;5977550
5242880;6053215
5308416;6128880
5373952;6204545
5439488;6280210
5505024;6355876
5570560;6431541
5636096;6507206
5701632;6582871
5767168;6658536
5832704;6734201
5898240;6809867
5963776;6885532
6029312;6961197
6094848;7036862
6160384;7112527
6225920;7188193
6291456;7263858
6356992;7339523
6422528;7415188
6488064;7490853
6553600;7566519
6619136;7642184
6684672;7717849
6750208;7793514
6815744;7869179
6881280;7944844
6946816;8020510
7012352;8096175
7077888;8171840
7143424;8247505
7208960;8323170
7274496;8398836
7340032;8474501
7405568;8550166
7471104;8625831
7536640;8701497
7602176;8777162
7667712;8852827
7733248;8928492
7798784;9004157
7864320;9079822
7929856;9155488
7995392;9231153
8060928;9306818
8126464;9382483
8192000;9458148
8257536;9533814
8323072;9609479
8388608;9685144
8454144;9760809
8519680;9836474
8585216;9912140
8650752;9987805
8716288;10063470
8781824;10139135
8847360;10214800
8912896;10290466
8978432;10366131
9043968;10441796
9109504;10517461
9175040;10593126
9240576;10668791
9306112;10744457
9371648;10820122
9437184;10895787
9502720;10971452
9568256;11047117
9633792;11122783
9699328;11198448
9764864;11274113
9830400;11349778
9895936;11425443
9961472;11501108
10027008;11576774
10092544;11652439
10158080;11728104
10223616;11803769
10289152;11879434
10354688;11955100
10420224;12030765
10485760;12106430
10551296;12182095
10616832;12257760
10682368;12333426
10747904;12409091
10813440;12484756
10878976;12560421
10944512;12636086
11010048;12711752
11075584;12787417
11141120;12863082
11206656;12938747
11272192;13014412
11337728;13090077
11403264;13165743
11468800;13241408
11534336;13317073
11599872;13392738
11665408;13468403
11730944;13544069
11796480;13619734
11862016;13695399
11927552;13771064
11993088;13846729
12058624;13922394
12124160;13998060
12189696;14073725
12255232;14149390
12320768;14225055
12386304;14300720
12451840;14376386
12517376;14452051
12582912;14527716
12648448;14603381
12713984;14679046
12779520;14754712
12845056;14830377
12910592;14906042
12976128;14981707
13041664;15057372
13107200;15133038
13172736;15208703
13238272;15284368
13303808;15360033
13369344;15435698
13434880;15511363
13500416;15587029
13565952;15662694
13631488;15738359
13697024;15814024
13762560;15889689
13828096;15965355
13893632;16041020
13959168;16116685
14024704;16192350
14090240;16268015
14155776;16343680
14221312;16419346
14286848;16495011
14352384;16570676
14417920;16646341
14483456;16722006
14548992;16797672
14614528;16873336
14680064;16949002
14745600;17024668
14811136;17100332
14876672;17175998
14942208;17251662
15007744;17327328
15073280;17402994
15138816;17478658
15204352;17554324
15269888;17629988
15335424;17705654
15400960;17781320
15466496;17856984
15532032;17932650
15597568;18008314
15663104;18083980
15728640;18159644
15794176;18235310
15859712;18310976
15925248;18386640
15990784;18462306
16056320;18537970
16121856;18613636
16187392;18689302
16252928;18764966
16318464;18840632
16384000;18916296
16449536;18991962
16515072;19067628
16580608;19143292
16646144;19218958
16711680;19294622
16777216;19370288
16842752;19445954
16908288;19521618
16973824;19597284
17039360;19672948
17104896;19748614
17170432;19824280
17235968;19899944
17301504;19975610
17367040;20051274
17432576;20126940
17498112;20202606
17563648;20278270
17629184;20353936
17694720;20429600
17760256;20505266
17825792;20580932
17891328;20656596
17956864;20732262
18022400;20807926
18087936;20883592
18153472;20959256
18219008;21034922
18284544;21110588
18350080;21186252
18415616;21261918
18481152;21337582
18546688;21413248
18612224;21488914
18677760;21564578
18743296;21640244
18808832;21715908
18874368;21791574
18939904;21867240
19005440;21942904
19070976;22018570
19136512;22094234
19202048;22169900
19267584;22245566
19333120;22321230
19398656;22396896
19464192;22472560
19529728;22548226
19595264;22623892
19660800;22699556
19726336;22775222
19791872;22850886
19857408;22926552
19922944;23002216
19988480;23077882
20054016;23153548
20119552;23229212
20185088;23304878
20250624;23380542
20316160;23456208
20381696;23531874
20447232;23607538
20512768;23683204
20578304;23758868
20643840;23834534
20709376;23910200
20774912;23985864
20840448;24061530
20905984;24137194
20971520;24212860
21037056;24288526
21102592;24364190
21168128;24439856
21233664;24515520
21299200;24591186
21364736;24666852
21430272;24742516
21495808;24818182
21561344;24893846
21626880;24969512
21692416;25045178
21757952;25120842
21823488;25196508
21889024;25272172
21954560;25347838
22020096;25423504
22085632;25499168
22151168;25574834
22216704;25650498
22282240;25726164
22347776;25801828
22413312;25877494
22478848;25953160
22544384;26028824
22609920;26104490
22675456;26180154
22740992;26255820
22806528;26331486
22872064;26407150
22937600;26482816
23003136;26558480
23068672;26634146
23134208;26709812
23199744;26785476
23265280;26861142
23330816;26936806
23396352;27012472
23461888;27088138
23527424;27163802
23592960;27239468
23658496;27315132
23724032;27390798
23789568;27466464
23855104;27542128
23920640;27617794
23986176;27693458
24051712;27769124
24117248;27844788
24182784;27920454
24248320;27996120
24313856;28071784
24379392;28147450
24444928;28223114
24510464;28298780
24576000;28374446
24641536;28450110
24707072;28525776
24772608;28601440
24838144;28677106
24903680;28752772
24969216;28828436
25034752;28904102
25100288;28979766
25165824;29055432
25231360;29131098
25296896;29206762
25362432;29282428
25427968;29358092
25493504;29433758
25559040;29509424
25624576;29585088
25690112;29660754
25755648;29736418
25821184;29812084
25886720;29887750
25952256;29963414
26017792;30039080
26083328;30114744
26148864;30190410
26214400;30266076
26279936;30341740
26345472;30417406
26411008;30493070
26476544;30568736
26542080;30644400
26607616;30720066
26673152;30795732
26738688;30871396
26804224;30947062
26869760;31022726
26935296;31098392
27000832;31174058
27066368;31249722
27131904;31325388
27197440;31401052
27262976;31476718
27328512;31552384
27394048;31628048
27459584;31703714
27525120;31779378
27590656;31855044

