32773718;32768100
32776576;32768224
32779432;32768400
32782284;32768624
32785134;32768898
32787980;32769222
32790820;32769596
32793656;32770020
32796486;32770492
32799310;32771014
32802126;32771586
32804936;32772208
32807736;32772878
32810526;32773598
32813308;32774368
32816078;32775186
32818838;32776052
32821586;32776968
32824322;32777932
32827044;32778944
32829754;32780004
32832450;32781112
32835130;32782268
32837794;32783472
32840442;32784724
32843074;32786024
32845688;32787370
32848286;32788764
32850864;32790204
32853422;32791690
32855960;32793222
32858480;32794802
32860976;32796426
32863452;32798096
32865906;32799812
32868336;32801572
32870742;32803378
32873126;32805226
32875484;32807120
32877816;32809058
32880124;32811040
32882404;32813066
32884658;32815134
32886884;32817244
32889082;32819396
32891252;32821592
32893392;32823828
32895502;32826106
32897582;32828424
32899630;32830784
32901648;32833184
32903632;32835624
32905586;32838104
32907504;32840622
32909390;32843178
32911242;32845774
32913058;32848408
32914840;32851078
32916586;32853786
32918296;32856532
32919968;32859312
32921604;32862128
32923202;32864982
32924762;32867868
32926282;32870790
32927764;32873746
32929206;32876734
32930608;32879756
32931968;32882812
32933288;32885898
32934566;32889018
32935802;32892168
32936996;32895348
32938148;32898558
32939254;32901800
32940318;32905068
32941338;32908366
32942314;32911692
32943244;32915046
32944128;32918428
32944966;32921834
32945758;32925268
32946504;32928726
32947204;32932210
32947856;32935718
32948460;32939250
32949014;32942804
32949522;32946382
32949980;32949980
32950390;32953602
32950750;32957242
32951060;32960904
32951320;32964586
32951528;32968286
32951688;32972006
32951794;32975742
32951852;32979496
32951856;32983268
32951808;32987054
32951708;32990856
32951556;32994674
32951352;32998504
32951094;33002348
32950782;33006206
32950418;33010076
32949998;33013958
32949526;33017850
32949000;33021752
32948418;33025664
32947782;33029586
32947092;33033516
32946346;33037452
32945546;33041396
32944690;33045348
32943778;33049304
32942810;33053266
32941788;33057232
32940708;33061200
32939572;33065172
32938382;33069148
32937134;33073124
32935828;33077102
32934468;33081080
32933048;33085056
32931574;33089032
32930042;33093006
32928454;33096978
32926808;33100948
32925104;33104912
32923344;33108872
32921526;33112828
32919652;33116776
32917720;33120718
32915730;33124654
32913684;33128580
32911580;33132498
32909418;33136408
32907200;33140306
32904924;33144194
32902590;33148070
32900198;33151934
32897750;33155784
32895246;33159622
32892682;33163444
32890064;33167252
32887386;33171044
32884654;33174818
32881862;33178576
32879016;33182316
32876112;33186038
32873152;33189740
32870134;33193422
32867062;33197084
32863932;33200724
32860748;33204342
32857506;33207936
32854210;33211508
32850856;33215054
32847448;33218576
32843986;33222074
32840468;33225544
32836894;33228986
32833268;33232402
32829586;33235788
32825850;33239146
32822060;33242474
32818216;33245772
32814318;33249038
32810368;33252274
32806366;33255476
32802310;33258644
32798200;33261780
32794040;33264880
32789828;33267944
32785564;33270974
32781250;33273966
32776884;33276922
32772466;33279840
32768000;33282718
32763484;33285558
32758918;33288358
32754302;33291118
32749638;33293836
32744924;33296512
32740164;33299146
32735356;33301738
32730500;33304286
32725596;33306788
32720648;33309246
32715652;33311660
32710610;33314026
32705524;33316344
32700392;33318618
32695218;33320842
32689998;33323016
32684734;33325144
32679428;33327220
32674080;33329246
32668688;33331220
32663256;33333144
32657784;33335016
32652270;33336834
32646716;33338600
32641122;33340312
32635488;33341968
32629818;33343572
32624108;33345118
32618362;33346610
32612578;33348044
32606758;33349420
32600902;33350740
32595010;33352002
32589086;33353204
32583126;33354348
32577132;33355432
32571106;33356456
32565046;33357418
32558956;33358320
32552836;33359162
32546682;33359940
32540502;33360656
32534290;33361308
32528050;33361898
32521782;33362422
32515486;33362884
32509166;33363280
32502818;33363610
32496444;33363876
32490046;33364074
32483624;33364208
32477178;33364274
32470710;33364272
32464220;33364202
32457708;33364066
32451176;33363860
32444624;33363586
32438052;33363242
32431462;33362828
32424854;33362346
32418230;33361792
32411588;33361168
32404932;33360474
32398260;33359708
32391574;33358870
32384874;33357962
32378162;33356980
32371438;33355926
32364704;33354800
32357958;33353600
32351202;33352328
32344438;33350982
32337666;33349562
32330886;33348068
32324100;33346502
32317308;33344858
32310512;33343142
32303710;33341350
32296906;33339482
32290098;33337540
32283290;33335522
32276480;33333430
32269670;33331260
32262860;33329016
32256052;33326694
32249246;33324296
32242442;33321822
32235642;33319272
32228848;33316646
32222058;33313942
32215276;33311160
32208500;33308304
32201732;33305368
32194972;33302356
32188224;33299268
32181484;33296102
32174756;33292858
32168040;33289536
32161338;33286138
32154648;33282662
32147974;33279110
32141316;33275480
32134672;33271772
32128048;33267986
32121440;33264122
32114852;33260182
32108282;33256166
32101734;33252070
32095208;33247898
32088702;33243650
32082222;33239322
32075764;33234920
32069330;33230438
32062924;33225882
32056544;33221248
32050190;33216538
32043864;33211750
32037570;33206888
32031304;33201948
32025068;33196932
32018864;33191840
32012692;33186674
32006556;33181430
32000452;33176112
31994384;33170720
31988350;33165252
31982354;33159708
31976396;33154092
31970476;33148400
31964594;33142634
31958754;33136794
31952954;33130882
31947196;33124896
31941480;33118836
31935808;33112706
31930182;33106500
31924598;33100224
31919062;33093876
31913572;33087458
31908130;33080968
31902736;33074406
31897390;33067774
31892096;33061074
31886852;33054302
31881660;33047462
31876520;33040552
31871434;33033574
31866402;33026528
31861426;33019416
31856504;33012234
31851638;33004988
31846830;32997674
31842080;32990294
31837390;32982848
31832758;32975338
31828188;32967764
31823678;32960124
31819230;32952422
31814846;32944656
31810524;32936828
31806268;32928940
31802076;32920988
31797948;32912974
31793888;32904902
31789896;32896770
31785972;32888578
31782116;32880328
31778328;32872018
31774612;32863652
31770968;32855230
31767394;32846750
31763892;32838214
31760462;32829624
31757108;32820978
31753828;32812280
31750622;32803528
31747492;32794724
31744438;32785866
31741462;32776958
31738562;32768000
31735742;32758992
31733002;32749934
31730340;32740828
31727760;32731674
31725258;32722472
31722840;32713226
31720504;32703932
31718250;32694594
31716080;32685212
31713994;32675786
31711992;32666318
31710076;32656808
31708246;32647256
31706500;32637664
31704844;32628034
31703274;32618362
31701792;32608654
31700398;32598908
31699094;32589126
31697880;32579308
31696756;32569456
31695722;32559570
31694780;32549652
31693930;32539698
31693170;32529716
31692504;32519702
31691932;32509658
31691452;32499586
31691068;32489486
31690776;32479360
31690582;32469206
31690482;32459026
31690476;32448822
31690568;32438596
31690756;32428346
31691042;32418076
31691424;32407784
31691906;32397472
31692484;32387140
31693162;32376792
31693938;32366424
31694814;32356042
31695788;32345646
31696864;32335234
31698040;32324808
31699316;32314370
31700692;32303922
31702172;32293462
31703750;32282994
31705432;32272516
31707214;32262032
31709100;32251540
31711088;32241042
31713180;32230542
31715372;32220038
31717670;32209530
31720070;32199022
31722576;32188512
31725182;32178002
31727894;32167496
31730712;32156990
31733632;32146488
31736656;32135990
31739786;32125500
31743020;32115016
31746360;32104538
31749804;32094070
31753352;32083610
31757006;32073164
31760766;32062728
31764630;32052304
31768602;32041894
31772678;32031500
31776860;32021120
31781144;32010758
31785538;32000416
31790036;31990092
31794638;31979788
31799348;31969506
31804162;31959246
31809082;31949006
31814108;31938794
31819238;31928606
31824474;31918446
31829816;31908312
31835262;31898208
31840814;31888134
31846470;31878088
31852230;31868078
31858098;31858098
31864068;31848154
31870144;31838242
31876322;31828368
31882606;31818532
31888994;31808734
31895484;31798974
31902080;31789254
31908776;31779578
31915578;31769942
31922482;31760352
31929490;31750804
31936598;31741304
31943808;31731850
31951122;31722444
31958536;31713086
31966052;31703778
31973668;31694522
31981386;31685320
31989204;31676168
31997120;31667070
32005138;31658028
32013254;31649042
32021468;31640116
32029784;31631246
32038194;31622434
32046704;31613684
32055310;31604996
32064012;31596368
32072812;31587808
32081708;31579308
32090700;31570876
32099786;31562510
32108966;31554210
32118240;31545982
32127610;31537822
32137070;31529734
32146624;31521714
32156270;31513770
32166008;31505898
32175836;31498100
32185754;31490382
32195764;31482734
32205862;31475168
32216046;31467680
32226320;31460272
32236682;31452942
32247128;31445696
32257666;31438530
32268284;31431450
32278988;31424452
32289776;31417540
32300650;31410714
32311604;31403974
32322640;31397326
32333760;31390766
32344960;31384292
32356238;31377912
32367596;31371624
32379032;31365426
32390546;31359324
32402138;31353316
32413804;31347400
32425548;31341584
32437364;31335864
32449258;31330242
32461220;31324716
32473258;31319292
32485366;31313970
32497544;31308748
32509790;31303624
32522108;31298608
32534490;31293696
32546944;31288884
32559462;31284178
32572046;31279580
32584694;31275092
32597406;31270706
32610178;31266428
32623016;31262262
32635910;31258206
32648864;31254262
32661880;31250426
32674954;31246706
32688086;31243096
32701268;31239594
32714508;31236218
32727804;31232950
32741150;31229796
32754550;31226764
32768000;31223844
32781500;31221042
32795050;31218360
32808648;31215798
32822290;31213352
32835978;31211030
32849712;31208828
32863488;31206744
32877312;31204786
32891172;31202948
32905072;31201236
32919018;31199644
32932996;31198176
32947010;31196834
32961066;31195622
32975150;31194528
32989274;31193562
33003426;31192728
33017612;31192018
33031826;31191436
33046072;31190982
33060342;31190658
33074642;31190458
33088968;31190392
33103314;31190456
33117688;31190652
33132082;31190980
33146500;31191434
33160934;31192022
33175388;31192744
33189860;31193598
33204348;31194580
33218850;31195704
33233366;31196958
33247894;31198338
33262432;31199860
33276984;31201516
33291540;31203304
33306104;31205230
33320676;31207288
33335254;31209484
33349834;31211814
33364416;31214284
33378998;31216888
33393582;31219626
33408172;31222504
33422742;31225516
33437326;31228668
33451890;31231950
33466460;31235374
33481018;31238940
33495556;31242634
33510096;31246472
33524628;31250450
33539134;31254566
33553634;31258814
33568116;31263202
33582584;31267728
33597032;31272392
33611460;31277188
33625868;31282132
33640248;31287218
33654608;31292432
33668944;31297782
33683260;31303284
33697548;31308910
33711800;31314678
33726020;31320586
33740212;31326634
33754380;31332816
33768504;31339136
33782596;31345594
33796648;31352186
33810664;31358920
33824648;31365784
33838576;31372796
33852480;31379930
33866324;31387214
33880140;31394628
33893896;31402176
33907612;31409868
33921272;31417688
33934888;31425634
33948460;31433728
33961968;31441966
33975428;31450324
33988832;31458822
34002176;31467450
34015464;31476210
34028696;31485104
34041860;31494140
34054968;31503298
34068012;31512588
34080988;31522016
34093912;31531568
34106756;31541256
34119536;31551068
34132240;31561018
34144884;31571098
34157448;31581294
34169952;31591628
34182368;31602090
34194708;31612672
34206972;31623394
34219160;31634232
34231264;31645194
34243292;31656290
34255240;31667504
34267096;31678844
34278876;31690304
34290564;31701886
34302160;31713596
34313676;31725430
34325104;31737380
34336436;31749440
34347672;31761632
34358824;31773942
34369876;31786376
34380832;31798918
34391684;31811570
34402448;31824348
34413108;31837232
34423680;31850240
34434132;31863366
34444488;31876596
34454736;31889938
34464884;31903392
34474920;31916964
34484868;31930638
34494684;31944424
34504384;31958316
34513984;31972308
34523480;31986404
34532860;32000614
34542116;32014926
34551276;32029344
34560292;32043860
34569208;32058482
34577992;32073194
34586668;32088028
34595224;32102938
34603664;32117966
34611964;32133078
34620136;32148276
34628204;32163590
34636132;32178988
34643924;32194456
34651608;32210046
34659152;32225716
34666576;32241482
34673840;32257326
34681008;32273266
34688020;32289282
34694908;32305388
34701672;32321578
34708292;32337838
34714748;32354192
34721104;32370638
34727304;32387150
34733352;32403752
34739276;32420412
34745048;32437152
34750696;32453972
34756176;32470868
34761536;32487822
34766736;32504862
34771796;32521956
34776708;32539128
34781476;32556380
34786096;32573676
34790552;32591060
34794876;32608496
34799044;32625978
34803056;32643538
34806908;32661138
34810624;32678806
34814188;32696560
34817600;32714316
34820848;32732160
34823940;32750048
34826876;32768000
34829656;32785992
34832280;32804032
34834744;32822120
34837052;32840254
34839200;32858430
34841188;32876652
34843012;32894914
34844680;32913216
34846184;32931556
34847528;32949936
34848704;32968350
34849720;32986798
34850576;33005280
34851264;33023794
34851788;33042336
34852144;33060908
34852336;33079506
34852364;33098130
34852224;33116780
34851916;33135452
34851444;33154144
34850800;33172856
34849992;33191586
34849012;33210334
34847864;33229096
34846548;33247870
34845060;33266658
34843404;33285456
34841580;33304266
34839584;33323080
34837416;33341900
34835076;33360726
34832568;33379554
34829888;33398382
34827036;33417212
34824012;33436038
34820816;33454862
34817448;33473682
34813904;33492494
34810192;33511298
34806308;33530092
34802248;33548876
34798016;33567644
34793612;33586400
34789036;33605140
34784284;33623864
34779364;33642564
34774268;33661248
34768996;33679908
34763556;33698544
34757940;33717152
34752152;33735736
34746188;33754288
34740056;33772812
34733748;33791304
34727268;33809760
34720616;33828184
34713792;33846572
34706792;33864916
34699624;33883224
34692280;33901488
34684768;33919712
34677084;33937888
34669228;33956020
34661200;33974100
34653000;33992132
34644628;34010116
34636088;34028044
34627380;34045916
34618500;34063736
34609448;34081492
34600232;34099192
34590844;34116832
34581288;34134408
34571560;34151920
34561668;34169368
34551608;34186748
34541384;34204060
34530992;34221300
34520432;34238464
34509708;34255560
34498816;34272576
34487764;34289520
34476548;34306384
34465164;34323164
34453620;34339868
34441912;34356484
34430044;34373020
34418016;34389468
34405824;34405824
34393472;34422096
34380964;34438272
34368296;34454360
34355468;34470352
34342484;34486248
34329344;34502048
34316044;34517748
34302592;34533348
34288988;34548848
34275228;34564244
34261312;34579536
34247248;34594720
34233032;34609796
34218664;34624764
34204144;34639620
34189480;34654368
34174664;34669000
34159700;34683516
34144592;34697912
34129340;34712196
34113940;34726360
34098400;34740400
34082716;34754320
34066888;34768116
34050920;34781784
34034816;34795328
34018568;34808744
34002184;34822032
33985664;34835188
33969008;34848212
33952220;34861100
33935296;34873856
33918236;34886476
33901048;34898956
33883732;34911300
33866284;34923504
33848708;34935564
33831004;34947484
33813176;34959256
33795220;34970884
33777144;34982368
33758948;34993704
33740624;35004888
33722188;35015924
33703628;35026804
33684952;35037536
33666160;35048112
33647252;35058532
33628232;35068796
33609100;35078904
33589856;35088848
33570504;35098636
33551040;35108264
33531472;35117728
33511798;35127028
33492020;35136164
33472138;35145132
33452156;35153936
33432072;35162572
33411892;35171036
33391612;35179332
33371238;35187456
33350770;35195408
33330208;35203188
33309554;35210796
33288810;35218224
33267978;35225476
33247060;35232556
33226056;35239452
33204968;35246172
33183798;35252712
33162546;35259068
33141216;35265244
33119806;35271240
33098322;35277048
33076762;35282676
33055130;35288116
33033426;35293368
33011652;35298436
32989810;35303312
32967902;35308004
32945928;35312504
32923892;35316812
32901792;35320932
32879634;35324860
32857416;35328592
32835144;35332136
32812814;35335484
32790434;35338636
32768000;35341592
32745516;35344352
32722984;35346920
32700406;35349288
32677782;35351456
32655116;35353428
32632410;35355200
32609664;35356772
32586878;35358144
32564058;35359316
32541204;35360288
32518318;35361056
32495400;35361620
32472452;35361984
32449478;35362144
32426480;35362100
32403456;35361856
32380412;35361404
32357348;35360744
32334266;35359884
32311168;35358816
32288056;35357544
32264930;35356064
32241796;35354376
32218650;35352484
32195500;35350384
32172342;35348076
32149184;35345560
32126020;35342836
32102860;35339904
32079702;35336764
32056546;35333412
32033400;35329856
32010258;35326088
31987128;35322116
31964008;35317932
31940906;35313536
31917814;35308936
31894742;35304120
31871690;35299100
31848656;35293868
31825650;35288428
31802666;35282780
31779710;35276920
31756782;35270852
31733886;35264576
31711020;35258088
31688190;35251392
31665398;35244484
31642642;35237372
31619928;35230048
31597254;35222516
31574628;35214776
31552044;35206828
31529510;35198672
31507024;35190308
31484594;35181736
31462212;35172960
31439888;35163972
31417624;35154780
31395416;35145384
31373272;35135780
31351188;35125968
31329174;35115952
31307222;35105732
31285342;35095308
31263530;35084680
31241792;35073844
31220130;35062812
31198542;35051572
31177036;35040132
31155608;35028488
31134262;35016648
31113000;35004604
31091826;34992360
31070736;34979916
31049738;34967272
31028832;34954432
31008018;34941396
30987302;34928160
30966680;34914728
30946158;34901104
30925736;34887280
30905418;34873268
30885204;34859056
30865096;34844656
30845096;34830060
30825204;34815276
30805428;34800304
30785762;34785136
30766214;34769784
30746782;34754244
30727470;34738516
30708276;34722604
30689208;34706504
30670262;34690220
30651440;34673756
30632750;34657108
30614188;34640280
30595758;34623272
30577458;34606080
30559296;34588716
30541268;34571168
30523382;34553452
30505632;34535556
30488024;34517484
30470562;34499244
30453242;34480828
30436070;34462244
30419046;34443492
30402172;34424572
30385448;34405480
30368880;34386228
30352464;34366808
30336208;34347224
30320106;34327480
30304164;34307572
30288386;34287508
30272768;34267284
30257318;34246904
30242030;34226368
30226912;34205680
30211960;34184836
30197182;34163840
30182572;34142696
30168138;34121400
30153880;34099960
30139796;34078372
30125892;34056640
30112166;34034768
30098622;34012752
30085258;33990596
30072080;33968300
30059084;33945868
30046276;33923300
30033656;33900600
30021224;33877768
30008986;33854804
29996936;33831712
29985082;33808492
29973420;33785144
29961956;33761672
29950686;33738076
29939618;33714364
29928746;33690528
29918078;33666576
29907610;33642508
29897344;33618324
29887286;33594032
29877430;33569624
29867784;33545110
29858344;33520486
29849114;33495760
29840094;33470928
29831284;33445992
29822688;33420960
29814306;33395826
29806136;33370598
29798184;33345272
29790448;33319856
29782928;33294348
29775630;33268752
29768548;33243066
29761688;33217294
29755052;33191442
29748636;33165506
29742444;33139492
29736476;33113398
29730734;33087228
29725216;33060986
29719928;33034672
29714866;33008286
29710032;32981836
29705428;32955314
29701054;32928730
29696912;32902086
29693000;32875380
29689324;32848618
29685878;32821798
29682666;32794924
29679688;32767998
29676948;32741026
29674442;32714002
29672172;32686930
29670140;32659820
29668344;32632664
29666788;32605472
29665470;32578240
29664390;32550974
29663552;32523674
29662956;32496344
29662596;32468984
29662480;32441594
29662606;32414184
29662974;32386750
29663584;32359296
29664436;32331820
29665532;32304332
29666872;32276830
29668456;32249316
29670286;32221788
29672358;32194258
29674676;32166718
29677238;32139176
29680048;32111634
29683100;32084092
29686398;32056556
29689946;32029022
29693734;32001500
29697774;31973984
29702056;31946484
29706588;31918994
29711364;31891522
29716388;31864072
29721658;31836638
29727174;31809230
29732936;31781846
29738944;31754494
29745202;31727166
29751704;31699876
29758452;31672614
29765448;31645390
29772690;31618206
29780178;31591064
29787910;31563966
29795888;31536910
29804112;31509904
29812582;31482946
29821296;31456042
29830254;31429190
29839458;31402400
29848906;31375664
29858598;31348988
29868532;31322376
29878710;31295832
29889128;31269356
29899794;31242948
29910696;31216612
29921844;31190350
29933230;31164164
29944858;31138058
29956726;31112030
29968832;31086090
29981176;31060234
29993760;31034462
30006584;31008780
30019642;30983196
30032940;30957700
30046468;30932304
30060236;30907004
30074236;30881804
30088470;30856708
30102938;30831718
30117638;30806836
30132572;30782056
30147730;30757394
30163124;30732844
30178744;30708414
30194594;30684096
30210668;30659902
30226974;30635826
30243502;30611872
30260256;30588052
30277234;30564354
30294434;30540792
30311854;30517358
30329496;30494056
30347358;30470896
30365440;30447876
30383738;30424994
30402254;30402250
30420984;30379660
30439932;30357212
30459088;30334912
30478458;30312766
30498038;30290772
30517830;30268932
30537828;30247246
30558034;30225726
30578446;30204360
30599064;30183162
30619884;30162126
30640908;30141258
30662132;30120556
30683552;30100030
30705170;30079672
30726990;30059488
30749002;30039480
30771208;30019656
30793610;30000006
30816200;29980538
30838978;29961256
30861948;29942158
30885098;29923250
30908442;29904528
30931962;29885998
30955668;29867660
30979552;29849516
31003614;29831568
31027858;29813818
31052272;29796270
31076862;29778922
31101624;29761778
31126560;29744838
31151658;29728104
31176928;29711578
31202358;29695264
31227960;29679160
31253722;29663264
31279642;29647590
31305718;29632126
31331952;29616888
31358346;29601860
31384888;29587058
31411584;29572478
31438424;29558120
31465418;29543986
31492546;29530088
31519832;29516404
31547252;29502960
31574812;29489744
31602512;29476760
31630344;29464010
31658314;29451496
31686414;29439220
31714646;29427184
31743004;29415380
31771490;29403824
31800096;29392506
31828820;29381432
31857676;29370602
31886638;29360024
31915720;29349684
31944916;29339594
31974220;29329756
32003638;29320172
32033162;29310836
32062782;29301752
32092514;29292924
32122346;29284352
32152270;29276028
32182296;29267972
32212408;29260174
32242630;29252618
32272920;29245338
32303312;29238322
32333780;29231568
32364338;29225066
32394968;29218830
32425684;29212864
32456470;29207162
32487326;29201736
32518264;29196564
32549262;29191672
32580328;29187040
32611460;29182676
32642660;29178594
32673906;29174784
32705218;29171234
32736584;29167966
32768002;29164968
32799466;29162248
32830984;29159800
32862544;29157628
32894144;29155730
32925784;29154116
32957464;29152772
32989174;29151708
33020938;29150924
33052708;29150420
33084524;29150190
33116356;29150250
33148208;29150582
33180078;29151194
33211978;29152090
33243886;29153268
33275816;29154722
33307750;29156472
33339692;29158496
33371640;29160798
33403592;29163388
33435544;29166256
33467494;29169410
33499442;29172860
33531376;29176570
33563312;29180584
33595232;29184870
33627136;29189446
33659024;29194308
33690888;29199450
33722740;29204882
33754556;29210584
33786356;29216586
33818116;29222874
33849852;29229430
33881548;29236282
33913212;29243410
33944832;29250832
33976408;29258528
34007944;29266504
34039428;29274776
34070864;29283330
34102252;29292162
34133572;29301278
34164844;29310672
34196076;29320354
34227216;29330310
34258304;29340560
34289312;29351080
34320264;29361876
34351136;29372968
34381920;29384322
34412656;29395972
34443296;29407892
34473840;29420094
34504324;29432572
34534700;29445324
34565000;29458348
34595196;29471660
34625296;29485236
34655308;29499088
34685208;29513232
34715008;29527634
34744708;29542312
34774296;29557246
34803784;29572472
34833132;29587958
34862392;29603720
34891520;29619748
34920540;29636048
34949432;29652612
34978196;29669436
35006844;29686520
35035324;29703884
35063716;29721494
35091944;29739380
35120056;29757510
35148012;29775918
35175832;29794582
35203500;29813508
35231028;29832682
35258412;29852108
35285628;29871770
35312708;29891736
35339616;29911926
35366388;29932364
35392976;29953054
35419408;29973996
35445684;29995188
35471780;30016604
35497696;30038294
35523452;30060214
35549064;30082372
35574456;30104780
35599684;30127418
35624728;30150312
35649576;30173408
35674252;30196756
35698732;30220362
35723024;30244172
35747144;30268208
35771048;30292486
35794756;30316976
35818264;30341718
35841580;30366656
35864676;30391830
35887596;30417244
35910280;30442840
35932764;30468670
35955040;30494708
35977112;30520972
35998924;30547436
36020576;30574110
36041976;30601018
36063156;30628090
36084124;30655394
36104852;30682902
36125336;30710608
36145632;30738522
36165672;30766612
36185484;30794912
36205072;30823396
36224396;30852070
36243504;30880958
36262368;30910018
36280980;30939254
36299360;30968682
36317472;30998304
36335372;31028070
36352996;31058062
36370364;31088194
36387468;31118512
36404352;31148978
36420960;31179654
36437316;31210456
36453424;31241448
36469244;31272588
36484828;31303916
36500108;31335348
36515168;31367006
36529936;31398756
36544440;31430676
36558656;31462774
36572608;31494982
36586300;31527352
36599720;31559880
36612812;31592540
36625692;31625290
36638276;31658240
36650572;31691274
36662572;31724428
36674308;31757750
36685728;31791196
36696904;31824750
36707788;31858432
36718352;31892224
36728624;31926116
36738620;31960186
36748364;31994296
36757748;32028552
36766872;32062894
36775688;32097334
36784224;32131892
36792428;32166552
36800364;32201292
36807996;32236124
36815340;32271056
36822348;32306048
36829076;32341152
36835500;32376338
36841604;32411624
36847384;32446944
36852904;32482358
36858096;32517834
36862952;32553380
36867528;32588988
36871804;32624720
36875760;32660430
36879412;32696220
36882728;32732102
36885748;32768004
36888452;32803960
36890840;32839968
36892912;32876016
36894672;32912110
36896112;32948238
36897240;32984406
36898048;33020606
36898540;33056838
36898712;33093094
36898564;33129380
36898100;33165688
36897316;33202010
36896212;33238354
36894792;33274708
36893048;33311076
36890984;33347448
36888596;33383830
36885888;33420210
36882860;33456594
36879512;33492974
36875840;33529344
36871848;33565712
36867532;33602060
36862896;33638400
36857936;33674716
36852652;33711020
36847048;33747292
36841120;33783544
36834872;33819768
36828304;33855956
36821408;33892112
36814196;33928228
36806656;33964308
36798800;34000340
36790616;34036328
36782116;34072268
36773292;34108156
36764152;34143984
36754684;34179760
36744900;34215476
36734796;34251128
36724372;34286712
36713628;34322224
36702568;34357672
36691188;34393040
36679488;34428332
36667472;34463540
36655140;34498668
36642492;34533712
36629528;34568660
36616248;34603524
36602656;34638288
36588744;34672956
36574524;34707524
36559992;34741988
36545144;34776344
36529988;34810596
36514520;34844736
36498744;34878756
36482660;34912664
36466268;34946448
36449568;34980112
36432560;35013648
36415248;35047056
36397636;35080332
36379716;35113480
36361496;35146484
36342972;35179352
36324148;35212080
36305028;35244656
36285608;35277088
36265892;35309368
36245880;35341500
36225576;35373472
36204976;35405288
36184084;35436940
36162900;35468428
36141428;35499752
36119668;35530904
36097620;35561888
36075288;35592692
36052668;35623324
36029768;35653772
36006588;35684040
35983124;35714120
35959384;35744016
35935364;35773724
35911072;35803232
35886504;35832552
35861668;35861668
35836556;35890588
35811176;35919304
35785528;35947816
35759616;35976116
35733436;36004212
35706996;36032092
35680296;36059756
35653336;36087204
35626120;36114428
35598644;36141436
35570920;36168212
35542936;36194768
35514708;36221088
35486232;36247180
35457508;36273036
35428540;36298656
35399328;36324040
35369876;36349180
35340184;36374076
35310260;36398728
35280100;36423132
35249708;36447284
35219084;36471184
35188232;36494832
35157152;36518224
35125848;36541356
35094328;36564224
35062580;36586832
35030624;36609172
34998444;36631248
34966056;36653052
34933456;36674588
34900648;36695848
34867632;36716836
34834408;36737544
34800992;36757972
34767368;36778124
34733556;36797988
34699540;36817568
34665340;36836860
34630944;36855864
34596364;36874576
34561600;36893000
34526652;36911124
34491524;36928956
34456216;36946492
34420736;36963724
34385084;36980656
34349264;36997288
34313272;37013612
34277120;37029632
34240804;37045344
34204332;37060744
34167696;37075832
34130912;37090612
34093976;37105072
34056888;37119224
34019656;37133052
33982280;37146564
33944768;37159756
33907112;37172628
33869324;37185176
33831400;37197396
33793348;37209296
33755176;37220864
33716872;37232108
33678452;37243020
33639908;37253600
33601256;37263852
33562484;37273768
33523610;37283348
33484622;37292596
33445536;37301504
33406344;37310076
33367056;37318312
33327676;37326200
33288198;37333752
33248636;37340964
33208984;37347832
33169252;37354352
33129438;37360528
33089548;37366360
33049582;37371848
33009542;37376984
32969440;37381776
32929268;37386216
32889038;37390304
32848744;37394044
32808400;37397432
32767998;37400468
32727550;37403148
32687050;37405480
32646508;37407456
32605928;37409076
32565306;37410340
32524656;37411252
32483968;37411808
32443258;37412004
32402518;37411844
32361762;37411324
32320980;37410448
32280188;37409216
32239380;37407624
32198562;37405672
32157742;37403360
32116914;37400692
32076092;37397660
32035268;37394272
31994454;37390520
31953646;37386412
31912856;37381940
31872078;37377108
31831318;37371916
31790586;37366364
31749874;37360452
31709196;37354180
31668544;37347544
31627934;37340552
31587356;37333196
31546826;37325484
31506334;37317408
31465892;37308972
31425506;37300180
31385168;37291024
31344892;37281516
31304674;37271640
31264524;37261412
31224436;37250824
31184424;37239880
31144480;37228576
31104618;37216920
31064830;37204904
31025126;37192532
30985512;37179808
30945984;37166724
30906554;37153292
30867214;37139500
30827978;37125360
30788838;37110864
30749810;37096020
30710886;37080824
30672072;37065280
30633378;37049384
30594796;37033144
30556342;37016552
30518006;36999616
30479802;36982332
30441726;36964704
30403786;36946736
30365978;36928420
30328310;36909764
30290788;36890768
30253410;36871428
30216184;36851756
30179106;36831744
30142188;36811396
30105422;36790708
30068822;36769696
30032382;36748344
29996114;36726664
29960012;36704648
29924082;36682308
29888334;36659644
29852760;36636648
29817372;36613328
29782166;36589688
29747152;36565724
29712324;36541440
29677696;36516840
29643260;36491916
29609022;36466680
29574992;36441132
29541164;36415268
29507546;36389096
29474138;36362616
29440948;36335828
29407968;36308728
29375214;36281332
29342678;36253632
29310368;36225624
29278288;36197328
29246436;36168728
29214820;36139836
29183440;36110652
29152300;36081176
29121398;36051408
29090744;36021360
29060334;35991020
29030176;35960400
29000268;35929500
28970616;35898316
28941222;35866860
28912088;35835128
28883218;35803124
28854608;35770848
28826272;35738304
28798202;35705496
28770406;35672420
28742884;35639084
28715638;35605488
28688676;35571640
28661994;35537532
28635598;35503176
28609488;35468564
28583670;35433712
28558140;35398608
28532908;35363268
28507968;35327680
28483328;35291860
28458992;35255804
28434956;35219512
28411228;35182996
28387806;35146248
28364694;35109276
28341894;35072080
28319410;35034668
28297238;34997036
28275388;34959192
28253856;34921136
28232646;34882864
28211760;34844392
28191202;34805716
28170974;34766844
28151072;34727764
28131504;34688500
28112270;34649036
28093374;34609384
28074812;34569544
28056588;34529520
28038712;34489316
28021172;34448936
28003984;34408380
27987138;34367652
27970640;34326756
27954494;34285688
27938700;34244464
27923254;34203076
27908166;34161528
27893436;34119836
27879064;34077984
27865048;34035988
27851396;33993844
27838106;33951560
27825178;33909136
27812618;33866580
27800424;33823888
27788594;33781072
27777136;33738124
27766048;33695052
27755332;33651864
27744990;33608556
27735024;33565144
27725430;33521612
27716214;33477982
27707376;33434240
27698916;33390406
27690836;33346468
27683138;33302436
27675822;33258318
27668888;33214110
27662338;33169822
27656174;33125450
27650394;33081006
27645002;33036482
27639998;32991894
27635380;32947232
27631154;32902508
27627318;32857730
27623868;32812888
27620814;32767998
27618152;32723054
27615880;32678070
27614002;32633034
27612520;32587964
27611428;32542856
27610736;32497720
27610436;32452546
27610532;32407348
27611026;32362136
27611916;32316898
27613202;32271650
27614886;32226382
27616968;32181114
27619446;32135836
27622324;32090560
27625600;32045280
27629274;32000008
27633346;31954750
27637820;31909496
27642692;31864266
27647960;31819052
27653628;31773866
27659698;31728702
27666164;31683570
27673028;31638468
27680296;31593406
27687960;31548386
27696020;31503408
27704480;31458484
27713336;31413602
27722594;31368784
27732248;31324020
27742300;31279320
27752748;31234682
27763590;31190114
27774832;31145614
27786468;31101200
27798500;31056862
27810922;31012610
27823746;30968434
27836960;30924354
27850564;30880372
27864564;30836486
27878954;30792694
27893738;30749014
27908908;30705438
27924472;30661966
27940422;30618620
27956756;30575388
27973486;30532282
27990600;30489288
28008096;30446436
28025974;30403710
28044240;30361126
28062888;30318666
28081916;30276364
28101322;30234202
28121116;30192180
28141278;30150322
28161822;30108622
28182738;30067072
28204036;30025684
28225698;29984474
28247736;29943426
28270150;29902544
28292928;29861848
28316076;29821332
28339584;29780998
28363466;29740840
28387706;29700882
28412308;29661114
28437272;29621544
28462604;29582164
28488284;29542992
28514314;29504030
28540710;29465274
28567452;29426728
28594548;29388404
28621988;29350298
28649788;29312400
28677922;29274740
28706406;29237308
28735226;29200108
28764396;29163130
28793892;29126402
28823732;29089908
28853910;29053656
28884410;29017658
28915246;28981910
28946408;28946412
28977902;28911164
29009718;28876182
29041852;28841458
29074314;28806994
29107088;28772804
29140176;28738890
29173578;28705240
29207298;28671866
29241314;28638778
29275646;28605972
29310274;28573452
29345222;28541210
29380456;28509264
29415980;28477616
29451816;28446254
29487938;28415198
29524336;28384438
29561032;28353994
29598020;28323836
29635280;28294008
29672820;28264484
29710636;28235274
29748734;28206382
29787100;28177810
29825728;28149560
29864640;28121632
29903798;28094032
29943216;28066768
29982898;28039832
30022844;28013232
30063026;27986970
30103462;27961046
30144156;27935460
30185080;27910220
30226244;27885336
30267648;27860794
30309300;27836598
30351172;27812760
30393274;27789280
30435604;27766156
30478154;27743388
30520930;27720986
30563916;27698946
30607122;27677268
30650532;27655968
30694152;27635032
30737962;27614476
30782000;27594284
30826220;27574472
30870636;27555036
30915238;27535982
30960046;27517310
31005024;27499018
31050186;27481116
31095540;27463598
31141052;27446468
31186740;27429736
31232594;27413390
31278620;27397440
31324804;27381880
31371138;27366732
31417634;27351964
31464288;27337608
31511074;27323652
31558018;27310100
31605104;27296946
31652308;27284212
31699662;27271878
31747140;27259952
31794756;27248436
31842484;27237334
31890326;27226650
31938304;27216362
31986386;27206502
32034576;27197064
32082866;27188044
32131262;27179432
32179758;27171232
32228354;27163468
32277028;27156134
32325798;27149200
32374646;27142704
32423572;27136640
32472578;27130990
32521662;27125768
32570808;27120972
32620006;27116612
32669290;27112688
32718616;27109170
32768002;27106094
32817450;27103454
32866918;27101246
32916440;27099458
32965998;27098108
33015600;27097196
33065216;27096720
33114862;27096672
33164540;27097062
33214254;27097896
33263970;27099148
33313692;27100856
33363420;27102980
33413166;27105556
33462890;27108560
33512620;27112006
33562368;27115892
33612072;27120216
33661772;27124972
33711448;27130158
33761116;27135796
33810744;27141856
33860344;27148360
33909920;27155306
33959448;27162688
34008932;27170514
34058368;27178756
34107780;27187460
34157108;27196592
34206388;27206158
34255620;27216162
34304768;27226592
34353864;27237468
34402868;27248790
34451816;27260528
34500664;27272702
34549440;27285304
34598112;27298348
34646716;27311824
34695212;27325722
34743608;27340066
34791912;27354840
34840092;27370032
34888148;27385668
34936112;27401718
34983968;27418200
35031688;27435106
35079284;27452452
35126728;27470202
35174056;27488396
35221252;27506996
35268284;27526010
35315196;27545480
35361964;27565330
35408544;27585624
35455000;27606320
35501272;27627440
35547416;27648970
35593360;27670928
35639136;27693288
35684736;27716056
35730164;27739248
35775404;27762836
35820472;27786842
35865332;27811216
35910020;27836036
35954484;27861234
35998772;27886876
36042824;27912864
36086700;27939278
36130360;27966064
36173788;27993280
36217028;28020856
36259988;28048848
36302760;28077208
36345304;28105966
36387632;28135092
36429688;28164640
36471520;28194534
36513108;28224834
36554448;28255496
36595540;28286538
36636380;28317928
36676960;28349732
36717288;28381878
36757344;28414408
36797124;28447288
36836644;28480542
36875908;28514152
36914896;28548128
36953536;28582452
36991940;28617132
37030068;28652164
37067912;28687546
37105452;28723270
37142668;28759338
37179608;28795760
37216256;28832498
37252580;28869626
37288628;28907044
37324320;28944788
37359728;28982884
37394804;29021280
37429572;29060026
37463996;29099084
37498088;29138468
37531896;29178144
37565300;29218172
37598428;29258496
37631204;29299112
37663656;29340040
37695712;29381276
37727464;29422796
37758840;29464668
37789856;29506770
37820564;29549156
37850880;29591862
37880840;29634868
37910412;29678102
37939656;29721654
37968520;29765474
37997012;29809552
38025124;29853900
38052880;29898548
38080260;29943436
38107224;29988584
38133836;30033972
38160024;30079646
38185860;30125560
38211308;30171668
38236340;30218078
38260952;30264714
38285260;30311594
38309064;30358688
38332516;30405984
38355596;30453558
38378212;30501324
38400444;30549340
38422224;30597500
38443644;30645968
38464632;30694602
38485224;30743400
38505352;30792476
38525072;30841676
38544404;30891124
38563304;30940772
38581740;30990568
38599788;31040554
38617396;31090748
38634568;31141068
38651300;31191602
38667608;31242242
38683436;31293108
38698868;31344130
38713848;31395302
38728424;31446600
38742500;31498040
38756216;31549672
38769384;31601456
38782144;31653356
38794468;31705376
38806304;31757598
38817752;31809812
38828680;31862234
38839180;31914760
38849260;31967382
38858880;32020144
38867992;32072968
38876664;32125994
38884888;32179018
38892652;32232190
38899896;32285414
38906744;32338692
38913132;32392140
38918992;32445620
38924452;32499210
38929480;32552828
38933928;32606532
38937976;32660280
38941528;32714150
38944624;32768006
38947248;32821928
38949400;32875896
38951080;32929918
38952292;32983964
38953028;33038046
38953292;33092168
38953080;33146302
38952396;33200458
38951240;33254632
38949604;33308830
38947496;33363024
38944912;33417222
38941852;33471420
38938316;33525628
38934304;33579812
38929820;33633988
38924856;33688156
38919416;33742296
38913500;33796408
38907108;33850492
38900236;33904552
38892896;33958564
38885072;34012536
38876776;34066472
38868004;34120344
38858760;34174168
38849036;34227928
38838836;34281640
38828168;34335272
38817024;34388832
38805404;34442320
38793308;34495736
38780744;34549060
38767708;34602296
38754200;34655452
38740220;34708500
38725772;34761448
38710852;34814288
38695464;34867036
38679608;34919656
38663288;34972160
38646496;35024544
38629240;35076812
38611520;35128940
38593340;35180936
38574688;35232804
38555584;35284520
38536016;35336088
38515988;35387508
38495500;35438784
38474556;35489892
38453160;35540840
38431300;35591628
38408992;35642236
38386232;35692672
38363024;35742928
38339360;35793012
38315252;35842900
38290696;35892596
38265700;35942096
38240248;35991412
38214364;36040512
38188040;36089408
38161272;36138100
38134068;36186572
38106432;36234824
38078360;36282852
38049852;36330664
38020920;36378240
37991560;36425580
37961772;36472680
37931556;36519552
37900920;36566168
37869864;36612532
37838384;36658656
37806496;36704512
37774192;36750108
37741476;36795440
37708340;36840516
37674808;36885308
37640868;36929824
37606516;36974072
37571772;37018028
37536628;37061696
37501088;37105076
37465144;37148172
37428820;37190960
37392104;37233448
37355000;37275632
37317508;37317516
37279640;37359084
37241392;37400332
37202760;37441276
37163760;37481888
37124392;37522172
37084656;37562132
37044544;37601764
37004076;37641056
36963248;37680008
36922064;37718620
36880516;37756896
36838628;37794812
36796388;37832380
36753796;37869600
36710868;37906456
36667600;37942948
36623996;37979080
36580048;38014848
36535780;38050240
36491184;38085260
36446252;38119908
36401008;38154172
36355448;38188052
36309576;38221548
36263380;38254664
36216884;38287380
36170084;38319704
36122984;38351628
36075576;38383164
36027880;38414288
35979896;38445008
35931608;38475324
35883052;38505224
35834212;38534716
35785096;38563788
35735692;38592448
35686032;38620680
35636104;38648492
35585912;38675876
35535452;38702836
35484744;38729360
35433784;38755452
35382564;38781112
35331112;38806332
35279420;38831108
35227488;38855444
35175312;38879340
35122916;38902784
35070296;38925776
35017444;38948324
34964384;38970412
34911108;38992048
34857620;39013220
34803916;39033940
34750024;39054196
34695932;39073984
34641644;39093312
34587152;39112172
34532488;39130560
34477640;39148476
34422604;39165924
34367404;39182892
34312036;39199384
34256500;39215400
34200788;39230936
34144932;39245992
34088924;39260560
34032764;39274648
33976448;39288252
33920004;39301364
33863420;39313988
33806696;39326124
33749852;39337764
33692884;39348912
33635796;39359568
33578580;39369732
33521268;39379392
33463846;39388560
33406310;39397228
33348688;39405392
33290974;39413056
33233168;39420220
33175264;39426880
33117294;39433040
33059246;39438688
33001126;39443832
32942926;39448472
32884676;39452604
32826366;39456228
32767990;39459340
32709576;39461944
32651116;39464040
32592616;39465624
32534066;39466696
32475498;39467256
32416902;39467304
32358282;39466840
32299632;39465864
32240980;39464372
32182318;39462364
32123638;39459844
32064970;39456812
32006308;39453264
31947652;39449200
31888998;39444620
31830372;39439528
31771770;39433920
31713180;39427796
31654636;39421160
31596126;39414008
31537656;39406336
31479218;39398156
31420842;39389456
31362520;39380248
31304256;39370524
31246042;39360284
31187908;39349532
31129846;39338268
31071848;39326488
31013944;39314200
30956124;39301400
30898394;39288088
30840746;39274264
30783210;39259936
30725776;39245096
30668452;39229748
30611226;39213888
30554130;39197528
30497156;39180660
30440296;39163284
30383578;39145408
30326994;39127028
30270550;39108144
30214238;39088760
30158086;39068876
30102086;39048496
30046232;39027608
29990552;39006232
29935036;38984360
29879692;38961996
29824510;38939132
29769520;38915784
29714712;38891944
29660092;38867612
29605654;38842792
29551422;38817492
29497392;38791704
29443556;38765432
29389940;38738684
29336540;38711456
29283356;38683752
29230384;38655564
29177650;38626908
29125146;38597780
29072880;38568184
29020838;38538108
28969052;38507576
28917514;38476580
28866216;38445112
28815186;38413188
28764416;38380812
28713912;38347976
28663662;38314676
28613698;38280936
28564010;38246744
28514592;38212096
28465468;38177012
28416632;38141484
28368092;38105516
28319834;38069104
28271890;38032260
28224248;37994984
28176916;37957280
28129886;37919136
28083182;37880576
28036798;37841592
27990728;37802180
27944996;37762360
27899594;37722124
27854528;37681472
27809790;37640408
27765404;37598944
27721366;37557072
27677678;37514804
27634334;37472128
27591356;37429064
27548738;37385608
27506478;37341756
27464592;37297528
27423080;37252916
27381940;37207924
27341172;37162544
27300796;37116804
27260802;37070692
27221188;37024204
27181976;36977360
27143160;36930160
27104742;36882596
27066716;36834672
27029106;36786408
26991904;36737796
26955112;36688844
26918728;36639536
26882770;36589908
26847232;36539944
26812112;36489640
26777426;36439020
26743168;36388080
26709346;36336820
26675952;36285236
26643004;36233348
26610496;36181156
26578436;36128660
26546814;36075856
26515650;36022764
26484940;35969380
26454678;35915696
26424882;35861740
26395546;35807500
26366674;35752988
26338264;35698188
26310326;35643136
26282862;35587816
26255864;35532224
26229350;35476388
26203314;35420300
26177760;35363964
26152684;35307372
26128098;35250552
26104002;35193492
26080396;35136204
26057278;35078680
26034658;35020940
26012536;34962980
25990908;34904796
25969786;34846416
25949164;34787828
25929052;34729036
25909442;34670036
25890344;34610856
25871754;34551488
25853682;34491936
25836116;34432188
25819072;34372284
25802548;34312204
25786536;34251944
25771052;34191540
25756088;34130972
25741650;34070256
25727736;34009380
25714352;33948368
25701496;33887220
25689168;33825924
25677376;33764516
25666116;33702976
25655388;33641320
25645196;33579532
25635542;33517644
25626426;33455652
25617848;33393558
25609810;33331356
25602316;33269068
25595360;33206698
25588950;33144226
25583082;33081692
25577760;33019084
25572986;32956410
25568756;32893652
25565072;32830854
25561940;32767998
25559356;32705094
25557318;32642128
25555834;32579138
25554900;32516110
25554516;32453044
25554684;32389960
25555402;32326854
25556672;32263734
25558498;32200588
25560876;32137454
25563808;32074316
25567292;32011162
25571328;31948034
25575920;31884922
25581064;31821824
25586764;31758732
25593016;31695686
25599820;31632672
25607180;31569692
25615094;31506744
25623562;31443850
25632582;31381016
25642156;31318220
25652282;31255498
25662956;31192844
25674186;31130266
25685974;31067746
25698304;31005318
25711186;30942982
25724616;30880732
25738606;30818566
25753132;30756516
25768210;30694570
25783836;30632724
25800012;30570984
25816722;30509396
25833992;30447908
25851800;30386542
25870142;30325344
25889038;30264256
25908476;30203308
25928440;30142536
25948958;30081894
25969996;30021436
25991586;29961116
26013708;29900958
26036354;29841000
26059548;29781200
26083270;29721576
26107512;29662164
26132292;29602916
26157596;29543872
26183416;29485044
26209774;29426404
26236642;29367994
26264038;29309782
26291956;29251782
26320376;29194028
26349326;29136482
26378788;29079168
26408752;29022114
26439236;28965284
26470230;28908702
26501712;28852388
26533716;28796308
26566202;28740516
26599210;28684962
26632706;28629676
26666688;28574696
26701176;28519960
26736158;28465508
26771606;28411370
26807566;28357498
26844002;28303924
26880898;28250664
26918296;28197704
26956156;28145062
26994504;28092712
27033324;28040678
27072592;27988996
27112340;27937606
27152558;27886556
27193220;27835860
27234356;27785472
27275940;27735436
27317966;27685756
27360456;27636420
27403376;27587456
27446752;27538828
27490576;27490556
27534814;27442672
27579504;27395152
27624624;27347996
27670154;27301240
27716136;27254842
27762528;27208838
27809328;27163232
27856558;27118012
27904198;27073188
27952228;27028784
28000684;26984762
28049516;26941170
28098778;26897972
28148420;26855188
28198446;26812848
28248880;26770908
28299686;26729388
28350856;26688332
28402426;26647672
28454372;26607472
28506660;26567710
28559344;26528386
28612356;26489520
28665758;26451094
28719506;26413110
28773588;26375614
28828040;26338552
28882832;26301960
28937942;26265846
28993410;26230196
29049196;26195004
29105300;26160314
29161748;26126084
29218488;26092352
29275562;26059092
29332954;26026318
29390628;25994048
29448624;25962256
29506918;25930960
29565486;25900184
29624354;25869892
29683518;25840098
29742942;25810834
29802658;25782064
29862622;25753820
29922886;25726076
29983398;25698850
30044158;25672166
30105188;25645982
30166472;25620318
30227970;25595202
30289744;25570608
30351750;25546536
30413958;25523008
30476428;25500016
30539082;25477560
30601990;25455648
30665094;25434262
30728394;25413448
30791932;25393158
30855650;25373436
30919544;25354252
30983656;25335622
31047944;25317548
31112398;25300030
31177044;25283062
31241860;25266668
31306812;25250832
31371952;25235552
31437230;25220830
31502672;25206696
31568270;25193116
31633970;25180108
31699846;25167664
31765854;25155792
31831952;25144520
31898190;25133796
31964564;25123652
32031022;25114070
32097598;25105084
32164246;25096682
32231030;25088844
32297890;25081592
32364826;25074928
32431858;25068854
32498960;25063366
32566108;25058442
32633360;25054130
32700668;25050368
32768002;25047220
32835422;25044660
32902836;25042680
32970338;25041288
33037868;25040498
33105390;25040284
33172968;25040664
33240580;25041644
33308156;25043200
33375792;25045370
33443424;25048122
33511030;25051462
33578632;25055382
33646204;25059908
33713804;25065032
33781384;25070738
33848880;25077048
33916392;25083960
33983860;25091442
34051260;25099520
34118636;25108202
34185964;25117474
34253196;25127312
34320392;25137764
34387488;25148804
34454556;25160444
34521536;25172668
34588392;25185474
34655196;25198876
34721896;25212870
34788488;25227438
34854980;25242596
34921380;25258356
34987620;25274706
35053780;25291620
35119804;25309112
35185672;25327200
35251416;25345868
35317012;25365112
35382480;25384940
35447784;25405348
35512936;25426348
35577928;25447906
35642748;25470064
35707376;25492764
35771872;25516050
35836152;25539924
35900260;25564344
35964152;25589326
36027860;25614890
36091372;25641022
36154668;25667712
36217744;25694954
36280632;25722770
36343284;25751160
36405684;25780074
36467852;25809560
36529840;25839618
36591524;25870194
36652976;25901336
36714180;25933026
36775124;25965264
36835824;25998028
36896212;26031350
36956372;26065188
37016248;26099588
37075828;26134514
37135144;26170018
37194152;26205992
37252864;26242508
37311288;26279532
37369368;26317078
37427212;26355190
37484676;26393820
37541820;26432922
37598668;26472552
37655200;26512696
37711368;26553352
37767216;26594488
37822748;26636154
37877864;26678310
37932672;26720962
37987104;26764088
38041212;26807730
38094936;26851842
38148276;26896444
38201272;26941520
38253872;26987100
38306108;27033112
38357988;27079638
38409404;27126610
38460428;27174048
38511096;27221950
38561352;27270302
38611224;27319120
38660640;27368396
38709624;27418116
38758260;27468242
38806448;27518884
38854208;27569880
38901508;27621370
38948400;27673296
38994852;27725586
39040868;27778344
39086436;27831550
39131500;27885102
39176172;27939118
39220368;27993476
39264096;28048322
39307360;28103536
39350172;28159114
39392488;28215118
39434332;28271524
39475708;28328308
39516572;28385432
39557000;28442970
39596904;28500822
39636320;28559114
39675192;28617740
39713640;28676694
39751536;28736032
39788976;28795722
39825852;28855732
39862264;28916146
39898144;28976854
39933468;29037904
39968304;29099284
40002580;29160986
40036360;29223020
40069620;29285286
40102312;29347962
40134500;29410912
40166096;29474130
40197168;29537720
40227744;29601580
40257756;29665662
40287168;29730056
40316056;29794732
40344340;29859652
40372132;29924936
40399360;29990386
40426008;30056122
40452056;30122166
40477564;30188424
40502508;30254894
40526920;30321642
40550660;30388598
40573876;30455806
40596556;30523240
40618564;30590860
40640020;30658736
40660884;30726772
40681144;30795020
40700880;30863452
40719948;30932148
40738496;31000974
40756412;31070016
40773772;31139140
40790428;31208606
40806532;31278200
40822068;31347858
40836932;31417808
40851280;31487822
40864932;31557918
40878096;31628228
40890512;31698652
40902416;31769234
40913600;31840010
40924244;31910684
40934288;31981684
40943688;32052704
40952416;32123878
40960600;32195056
40968140;32266448
40975036;32337862
40981360;32409406
40987040;32480938
40992096;32552634
40996488;32624372
41000284;32696108
41003496;32768008
41006040;32839912
41007960;32911828
41009248;32983816
41009912;33055836
41009944;33127852
41009344;33199924
41008116;33271980
41006256;33344080
41003764;33416184
41000644;33488260
40996892;33560360
40992508;33632448
40987492;33704492
40981844;33776544
40975564;33848568
40968656;33920528
40961112;33992480
40952944;34064360
40944136;34136220
40934700;34208024
40924640;34279740
40913940;34351416
40902612;34423024
40890660;34494524
40878076;34565968
40864860;34637328
40851024;34708564
40836552;34779728
40821456;34850792
40805740;34921708
40789392;34992544
40772428;35063228
40754836;35133816
40736616;35204268
40717784;35274556
40698324;35344728
40678244;35414752
40657556;35484592
40636244;35554304
40614312;35623848
40591776;35693192
40568616;35762392
40544856;35831380
40520476;35900208
40495484;35968848
40469896;36037260
40443692;36105496
40416884;36173524
40389484;36241312
40361472;36308908
40332860;36376280
40303664;36443392
40273856;36510296
40243468;36576936
40212476;36643356
40180896;36709524
40148740;36775412
40115984;36841064
40082644;36906448
40048736;36971532
40014236;37036372
39979156;37100928
39943520;37165164
39907292;37229140
39870512;37292792
39833148;37356168
39795220;37419232
39756744;37481964
39717692;37544400
39678080;37606516
39637936;37668276
39597216;37729728
39555952;37790848
39514156;37851592
39471800;37912020
39428920;37972072
39385484;38031788
39341512;38091144
39297028;38150112
39251996;38208728
39206436;38266968
39160376;38324804
39113776;38382280
39066656;38439364
39019048;38496032
38970908;38552324
38922260;38608208
38873132;38663664
38823484;38718728
38773360;38773352
38722720;38827576
38671592;38881376
38620004;38934720
38567908;38987652
38515336;39040144
38462312;39092172
38408792;39143772
38354804;39194920
38300380;39245588
38245472;39295820
38190136;39345564
38134320;39394860
38078056;39443680
38021376;39492008
37964228;39539872
37906648;39587248
37848660;39634120
37790220;39680512
37731360;39726412
37672104;39771792
37612408;39816680
37552328;39861048
37491816;39904920
37430904;39948276
37369620;39991092
37307920;40033408
37245828;40075192
37183384;40116428
37120528;40157148
37057300;40197332
36993732;40236960
36929768;40276056
36865472;40314592
36800796;40352592
36735764;40390040
36670416;40426912
36604696;40463240
36538640;40499004
36472280;40534184
36405568;40568812
36338528;40602864
36271204;40636328
36203536;40669224
36135592;40701532
36067316;40733260
35998740;40764404
35929904;40794948
35860752;40824908
35791312;40854272
35721632;40883028
35651644;40911192
35581392;40938756
35510912;40965700
35440140;40992048
35369120;41017784
35297888;41042896
35226380;41067404
35154668;41091284
35082696;41114552
35010500;41137200
34938120;41159216
34865488;41180608
34792652;41201376
34719644;41221504
34646408;41241008
34572980;41259880
34499396;41278104
34425600;41295696
34351664;41312648
34277524;41328960
34203216;41344628
34128788;41359648
34054172;41374024
33979408;41387752
33904532;41400828
33829492;41413256
33754320;41425036
33679056;41436156
33603640;41446624
33528146;41456432
33452510;41465584
33376772;41474080
33300970;41481912
33225044;41489088
33149036;41495604
33072980;41501456
32996818;41506640
32920590;41511164
32844332;41515024
32767986;41518216
32691624;41520740
32615182;41522600
32538706;41523792
32462228;41524316
32385690;41524168
32309132;41523356
32232592;41521872
32156010;41519720
32079424;41516896
32002876;41513404
31926302;41509240
31849740;41504404
31773236;41498904
31696722;41492728
31620274;41485880
31543830;41478368
31467432;41470176
31391114;41461324
31314820;41451796
31238588;41441600
31162456;41430736
31086364;41419200
31010350;41406996
30934456;41394128
30858618;41380592
30782910;41366392
30707272;41351520
30631744;41335980
30556360;41319784
30481066;41302920
30405896;41285392
30330892;41267208
30255992;41248352
30181236;41228840
30106660;41208680
30032208;41187848
29957950;41166376
29883826;41144232
29809874;41121436
29736132;41098000
29662542;41073896
29589144;41049144
29515970;41023760
29442968;40997712
29370172;40971020
29297620;40943696
29225256;40915720
29153146;40887112
29081234;40857856
29009558;40827960
28938154;40797448
28866966;40766288
28796032;40734492
28725382;40702084
28654970;40669036
28584824;40635360
28514982;40601080
28445392;40566164
28376116;40530644
28307102;40494492
28238384;40457728
28169998;40420368
28101890;40382384
28034096;40343792
27966648;40304620
27899494;40264824
27832668;40224432
27766206;40183464
27700056;40141880
27634248;40099712
27568822;40056972
27503722;40013628
27439010;39969728
27374636;39925224
27310632;39880148
27247032;39834520
27183786;39788304
27120926;39741520
27058488;39694192
26996414;39646288
26934744;39597828
26873504;39548836
26812652;39499272
26752240;39449184
26692226;39398536
26632636;39347344
26573502;39295640
26514780;39243388
26456496;39190600
26398684;39137316
26341296;39083488
26284360;39029144
26227910;38974308
26171902;38918940
26116384;38863092
26061312;38806720
26006722;38749848
25952634;38692512
25899010;38634660
25845878;38576320
25793264;38517528
25741124;38458236
25689490;38398472
25638388;38338264
25587772;38277564
25537696;38216432
25488120;38154824
25439068;38092760
25390564;38030276
25342572;37967328
25295120;37903940
25248228;37840152
25201860;37775904
25156042;37711236
25110796;37646176
25066086;37580672
25021954;37514792
24978368;37448476
24935352;37381764
24892922;37314684
24851048;37247184
24809756;37179304
24769062;37111072
24728934;37042436
24689396;36973428
24650470;36904088
24612120;36834360
24574368;36764272
24537236;36693868
24500694;36623092
24464774;36552004
24429448;36480552
24394744;36408776
24360668;36336704
24327198;36264284
24294352;36191552
24262148;36118544
24230560;36045204
24199602;35971564
24169292;35897668
24139612;35823456
24110576;35748996
24082178;35674232
24054422;35599192
24027328;35523928
24000874;35448368
23975072;35372564
23949936;35296540
23925448;35220244
23901620;35143716
23878460;35066984
23855960;34990000
23834132;34912836
23812964;34835428
23792474;34757808
23772660;34680020
23753510;34602012
23735040;34523804
23717252;34445456
23700140;34366896
23683712;34288164
23667972;34209300
23652908;34130240
23638542;34051072
23624856;33971712
23611860;33892212
23599558;33812616
23587948;33732852
23577028;33652972
23566810;33573000
23557282;33492890
23548452;33412672
23540328;33332388
23532900;33251974
23526172;33171518
23520140;33090936
23514816;33010288
23510196;32929600
23506276;32848820
23503068;32767980
23500560;32687128
23498760;32606194
23497666;32525226
23497280;32444256
23497600;32363234
23498632;32282188
23500368;32201162
23502814;32120098
23505968;32039070
23509838;31958012
23514410;31876958
23519696;31795966
23525690;31714960
23532392;31633984
23539804;31553086
23547930;31472188
23556756;31391344
23566294;31310592
23576546;31229864
23587500;31149236
23599164;31068648
23611536;30988146
23624612;30907758
23638400;30827432
23652892;30747208
23668080;30667120
23683988;30587108
23700590;30507216
23717892;30427480
23735904;30347838
23754604;30268370
23774016;30189012
23794128;30109800
23814926;30030768
23836430;29951862
23858624;29873136
23881512;29794618
23905098;29716234
23929374;29638042
23954330;29560076
23979988;29482268
24006316;29404702
24033348;29327310
24061054;29250138
24089436;29173220
24118506;29096488
24148260;29020002
24178672;28943780
24209776;28867770
24241552;28792016
24273984;28716544
24307096;28641318
24340860;28566380
24375304;28491692
24410406;28417286
24446162;28343200
24482584;28269370
24519660;28195840
24557372;28122642
24595752;28049728
24634784;27977134
24674438;27904882
24714754;27832940
24755708;27761314
24797280;27690074
24839506;27619144
24882346;27548592
24925824;27478366
24969932;27408502
25014646;27339038
25060000;27269910
25105970;27201160
25152528;27132832
25199716;27064858
25247504;26997276
25295880;26930132
25344882;26863354
25394458;26797022
25444650;26731070
25495424;26665550
25546760;26600474
25598708;26535810
25651240;26471580
25704316;26407814
25757982;26344480
25812222;26281584
25867004;26219182
25922364;26157210
25978260;26095744
26034734;26034708
26091752;25974160
26149292;25914122
26207392;25854540
26266034;25795450
26325180;25736878
26384876;25678794
26445098;25621214
26505818;25564158
26567070;25507604
26628808;25451596
26691082;25396080
26753854;25341104
26817102;25286680
26880852;25232770
26945110;25179414
27009822;25126618
27075024;25074344
27140710;25022642
27206834;24971508
27273456;24920940
27340500;24870938
27408038;24821502
27476016;24772636
27544416;24724376
27613276;24676668
27682582;24629568
27752284;24583068
27822438;24537158
27893014;24491848
27963976;24447158
28035360;24403048
28107170;24359570
28179342;24316710
28251938;24274448
28324880;24232848
28398248;24191846
28471992;24151472
28546074;24111752
28620554;24072648
28695396;24034184
28770554;23996396
28846104;23959220
28922004;23922712
28998196;23886858
29074752;23851658
29151620;23817120
29228820;23783236
29306348;23750024
29384156;23717492
29462300;23685608
29540744;23654412
29619442;23623904
29698464;23594056
29777766;23564892
29857316;23536432
29937152;23508638
30017242;23481560
30097594;23455144
30178210;23429444
30259058;23404438
30340154;23380142
30421498;23356524
30503026;23333634
30584802;23311442
30666796;23289956
30748982;23269178
30831392;23249126
30913960;23229786
30996754;23211154
31079726;23193240
31162860;23176060
31246194;23159588
31329700;23143836
31413308;23128824
31497124;23114528
31581062;23100968
31665118;23088160
31749358;23076058
31833690;23064672
31918160;23054044
32002750;23044152
32087412;23034984
32172202;23026556
32257096;23018892
32342052;23011940
32427108;23005748
32512262;23000272
32597428;22995574
32682706;22991570
32768042;22988356
32853394;22985864
32938816;22984126
33024234;22983118
33109726;22982876
33195240;22983372
33280720;22984612
33366276;22986612
33451816;22989358
33537332;22992844
33622872;22997084
33708396;23002068
33793844;23007784
33879320;23014266
33964716;23021504
34050128;23029474
34135468;23038204
34220716;23047704
34305940;23057916
34391096;23068876
34476160;23080608
34561168;23093080
34646072;23106280
34730868;23120220
34815604;23134940
34900180;23150374
34984688;23166562
35069068;23183476
35153284;23201160
35237400;23219576
35321396;23238712
35405192;23258600
35488888;23279240
35572400;23300612
35655740;23322712
35738928;23345528
35821900;23369094
35904708;23393388
35987340;23418420
36069744;23444156
36151960;23470638
36234000;23497864
36315764;23525780
36397328;23554456
36478716;23583804
36559772;23613900
36640620;23644728
36721240;23676236
36801572;23708448
36881704;23741412
36961492;23775052
37041036;23809404
37120328;23844484
37199300;23880212
37278000;23916692
37356376;23953864
37434432;23991680
37512260;24030248
37589728;24069518
37666816;24109384
37743644;24150004
37820080;24191280
37896224;24233228
37972016;24275892
38047408;24319158
38122480;24363152
38197176;24407820
38271520;24453158
38345464;24499112
38419064;24545768
38492216;24592998
38565000;24640970
38637396;24689524
38709344;24738786
38780904;24788648
38852032;24839140
38922776;24890284
38993076;24942090
39062908;24994440
39132364;25047478
39201312;25101130
39269804;25155386
39337912;25210254
39405460;25265728
39472592;25321800
39539292;25378492
39605420;25435756
39671104;25493648
39736336;25552084
39801084;25611148
39865248;25670768
39928976;25730996
39992124;25791736
40054804;25853064
40116992;25914970
40178600;25977444
40239756;26040464
40300264;26103986
40360304;26168148
40419784;26232786
40478696;26297950
40537076;26363698
40594936;26429912
40652168;26496664
40708856;26563988
40764912;26631740
40820464;26700060
40875416;26768866
40929760;26838148
40983524;26907946
41036700;26978214
41089260;27048958
41141216;27120222
41192588;27191904
41243284;27264092
41293440;27336744
41342944;27409844
41391800;27483360
41440048;27557390
41487624;27631734
41534568;27706592
41580928;27781916
41626580;27857564
41671640;27933740
41716016;28010248
41759712;28087224
41802776;28164580
41845168;28242320
41886864;28320480
41927908;28398974
41968288;28477848
42008000;28557114
42047016;28636722
42085276;28716752
42122952;28797126
42159872;28877782
42196124;28958786
42231672;29040150
42266520;29121916
42300616;29203906
42334064;29286292
42366788;29368846
42398756;29451862
42430060;29535218
42460612;29618666
42490512;29702528
42519596;29786676
42547968;29871056
42575684;29955746
42602584;30040654
42628744;30125868
42654176;30211276
42678848;30296934
42702868;30382808
42726084;30468978
42748568;30555350
42770296;30641952
42791280;30728768
42811476;30815756
42830924;30903016
42849700;30990332
42867564;31078018
42884808;31165766
42901184;31253600
42916948;31341694
42931716;31429928
42945956;31518322
42959236;31606960
42971904;31695608
42983688;31784352
42994732;31873258
43005008;31962456
43014452;32051422
43023168;32140756
43031076;32230212
43038272;32319602
43044664;32409100
43050264;32498736
43055036;32588440
43059080;32678202
43062372;32768010
43064840;32857884
43066520;32947800
43067416;33037712
43067528;33127696
43066856;33217700
43065396;33307680
43063148;33397710
43060112;33487700
43056292;33577728

