5718;99
8575;224
11431;399
14284;623
17133;897
19979;1221
22820;1595
25656;2019
28486;2492
31310;3014
34126;3586
36935;4208
39735;4878
42526;5598
45307;6367
48078;7185
50838;8051
53586;8967
56322;9931
59044;10943
61754;12003
64449;13112
67129;14268
69794;15472
72442;16724
75074;18023
77688;19370
80285;20763
82863;22203
85421;23689
87960;25222
90479;26801
92976;28425
95451;30095
97905;31811
100335;33571
102742;35377
105125;37226
107483;39120
109816;41058
112123;43040
114404;45065
116658;47133
118884;49243
121082;51396
123251;53591
125391;55827
127501;58105
129581;60424
131630;62784
133647;65184
135632;67623
137585;70103
139504;72621
141390;75178
143242;77774
145058;80407
146840;83078
148586;85786
150296;88531
151968;91312
153604;94128
155202;96981
156761;99868
158282;102789
159763;105745
161205;108734
162607;111756
163968;114811
165288;117898
166566;121017
167802;124167
168996;127347
170147;130558
171254;133799
172318;137068
173338;140366
174313;143692
175243;147046
176127;150427
176966;153834
177758;157267
178504;160726
179203;164210
179855;167717
180459;171249
181014;174803
181522;178381
181980;181980
182389;185601
182749;189242
183059;192904
183319;196586
183528;200286
183687;204005
183794;207742
183851;211496
183855;215267
183808;219054
183708;222856
183556;226673
183351;230504
183093;234348
182782;238206
182417;242076
181998;245957
181526;249849
180999;253752
180418;257664
179782;261585
179092;265515
178346;269452
177546;273396
176689;277347
175778;281303
174810;285265
173787;289231
172708;293200
171572;297172
170381;301147
169133;305124
167828;309101
166467;313079
165049;317056
163574;321032
162042;325006
160453;328978
158807;332947
157104;336911
155344;340872
153526;344827
151652;348776
149720;352718
147730;356653
145683;360580
143579;364498
141418;368407
139199;372305
136923;376193
134589;380069
132198;383933
129750;387784
127245;391621
124682;395443
122063;399251
119386;403043
116653;406818
113862;410576
111015;414316
108111;418038
105151;421740
102134;425422
99061;429083
95932;432723
92747;436341
89506;439936
86209;443507
82856;447054
79448;450576
75985;454073
72467;457543
68894;460986
65267;464401
61585;467788
57849;471146
54059;474474
50215;477772
46318;481038
42368;484273
38365;487475
34309;490644
30200;493779
26040;496879
21828;499944
17564;502973
13249;505966
8883;508921
4466;511839
0;514718
-4516;517558
-9082;520358
-13698;523117
-18362;525836
-23075;528512
-27836;531146
-32644;533738
-37500;536285
-42403;538788
-47352;541246
-52348;543659
-57389;546025
-62476;548345
-67607;550617
-72782;552841
-78002;555016
-83265;557143
-88571;559219
-93920;561245
-99311;563220
-104743;565144
-110216;567016
-115730;568834
-121284;570600
-126878;572311
-132511;573969
-138182;575571
-143891;577118
-149638;578609
-155422;580043
-161242;581420
-167097;582739
-172989;584001
-178914;585204
-184874;586347
-190868;587431
-196894;588455
-202953;589418
-209043;590320
-215164;591161
-221317;591939
-227498;592655
-233710;593307
-239950;593897
-246217;594422
-252513;594883
-258834;595279
-265182;595610
-271556;595875
-277954;596074
-284376;596207
-290821;596273
-297290;596271
-303780;596202
-310292;596065
-316824;595859
-323376;595585
-329947;595241
-336537;594828
-343145;594345
-349770;593792
-356411;593168
-363068;592474
-369740;591708
-376426;590870
-383125;589961
-389837;588980
-396561;587926
-403296;586800
-410042;585601
-416797;584328
-423561;582982
-430333;581562
-437113;580068
-443899;578501
-450691;576858
-457488;575141
-464289;573349
-471093;571482
-477901;569540
-484710;567522
-491520;565429
-498330;563260
-505140;561015
-511948;558694
-518754;556296
-525557;553822
-532357;551272
-539152;548645
-545941;545941
-552724;543160
-559500;540303
-566268;537368
-573027;534356
-579776;531267
-586515;528101
-593243;524857
-599959;521536
-606662;518138
-613351;514662
-620025;511109
-626684;507479
-633327;503771
-639952;499985
-646560;496122
-653148;492182
-659717;488165
-666265;484070
-672792;479898
-679297;475649
-685778;471322
-692236;466919
-698669;462438
-705076;457881
-711456;453248
-717809;448537
-724135;443750
-730430;438887
-736696;433947
-742932;428932
-749135;423840
-755307;418673
-761444;413430
-767548;408112
-773617;402719
-779649;397251
-785645;391708
-791604;386091
-797524;380399
-803405;374634
-809246;368794
-815046;362881
-820803;356895
-826519;350836
-832191;344705
-837818;338500
-843401;332224
-848938;325876
-854428;319457
-859870;312967
-865264;306406
-870609;299774
-875903;293073
-881147;286302
-886339;279461
-891479;272552
-896565;265574
-901597;258528
-906574;251415
-911496;244234
-916361;236987
-921169;229673
-925919;222293
-930609;214848
-935241;207338
-939812;199763
-944321;192124
-948769;184421
-953154;176656
-957475;168828
-961732;160939
-965924;152987
-970051;144974
-974111;136902
-978103;128769
-982028;120578
-985884;112327
-989671;104018
-993387;95652
-997032;87229
-1000606;78749
-1004108;70214
-1007537;61623
-1010892;52978
-1014173;44280
-1017378;35527
-1020508;26723
-1023562;17866
-1026538;8958
-1029437;0
-1032257;-9008
-1034998;-18066
-1037659;-27171
-1040241;-36325
-1042741;-45527
-1045159;-54774
-1047496;-64067
-1049750;-73405
-1051920;-82787
-1054006;-92213
-1056008;-101682
-1057924;-111192
-1059754;-120743
-1061499;-130335
-1063156;-139966
-1064726;-149637
-1066208;-159346
-1067601;-169091
-1068905;-178873
-1070119;-188691
-1071243;-198543
-1072277;-208429
-1073220;-218348
-1074070;-228301
-1074829;-238283
-1075495;-248297
-1076068;-258341
-1076548;-268413
-1076932;-278513
-1077223;-288640
-1077418;-298794
-1077518;-308973
-1077523;-319177
-1077432;-329404
-1077243;-339654
-1076958;-349924
-1076575;-360216
-1076094;-370528
-1075516;-380860
-1074838;-391209
-1074061;-401575
-1073186;-411957
-1072211;-422354
-1071135;-432766
-1069960;-443191
-1068684;-453629
-1067307;-464078
-1065829;-474537
-1064249;-485005
-1062568;-495484
-1060785;-505968
-1058899;-516460
-1056911;-526957
-1054820;-537458
-1052627;-547962
-1050329;-558470
-1047929;-568978
-1045424;-579487
-1042817;-589997
-1040105;-600504
-1037289;-611010
-1034368;-621511
-1031343;-632009
-1028214;-642499
-1024980;-652984
-1021641;-663461
-1018196;-673929
-1014647;-684389
-1010993;-694836
-1007233;-705272
-1003369;-715696
-999398;-726105
-995322;-736499
-991141;-746879
-986855;-757241
-982462;-767584
-977964;-777907
-973361;-788211
-968652;-798494
-963837;-808754
-958917;-818993
-953892;-829206
-948761;-839393
-943525;-849553
-938183;-859687
-932737;-869793
-927186;-879866
-921529;-889911
-915769;-899922
-909902;-909902
-903931;-919846
-897856;-929757
-891677;-939632
-885394;-949468
-879006;-959266
-872515;-969025
-865920;-978746
-859223;-988422
-852422;-998057
-845517;-1007648
-838510;-1017195
-831401;-1026696
-824191;-1036150
-816878;-1045555
-809464;-1054913
-801948;-1064221
-794331;-1073477
-786614;-1082680
-778796;-1091832
-770879;-1100930
-762862;-1109972
-754746;-1118957
-746532;-1127885
-738216;-1136754
-729806;-1145566
-721297;-1154316
-712689;-1163004
-703987;-1171631
-695187;-1180192
-686291;-1188691
-677300;-1197124
-668213;-1205490
-659033;-1213789
-649759;-1222018
-640389;-1230177
-630930;-1238266
-621375;-1246285
-611729;-1254230
-601991;-1262101
-592163;-1269899
-582245;-1277618
-572235;-1285266
-562138;-1292831
-551953;-1300319
-541679;-1307728
-531317;-1315058
-520871;-1322303
-510334;-1329470
-499715;-1336550
-489011;-1343547
-478223;-1350459
-467350;-1357285
-456395;-1364025
-445359;-1370673
-434240;-1377233
-423040;-1383708
-411762;-1390088
-400404;-1396376
-388968;-1402573
-377454;-1408676
-365861;-1414683
-354196;-1420599
-342451;-1426416
-330636;-1432136
-318741;-1437758
-306779;-1443283
-294742;-1448707
-282634;-1454030
-270455;-1459252
-258209;-1464375
-245892;-1469391
-233509;-1474304
-221055;-1479115
-208538;-1483821
-195954;-1488419
-183306;-1492907
-170593;-1497294
-157821;-1501572
-144983;-1505738
-132089;-1509793
-119135;-1513738
-106120;-1517573
-93046;-1521294
-79914;-1524904
-66732;-1528405
-53491;-1531782
-40196;-1535050
-26849;-1538203
-13449;-1541235
0;-1544156
13500;-1546957
27050;-1549639
40647;-1552202
54289;-1554647
67978;-1556970
81712;-1559172
95487;-1561256
109311;-1563214
123171;-1565052
137072;-1566764
151017;-1568355
164995;-1569824
179009;-1571165
193066;-1572377
207150;-1573471
221274;-1574438
235426;-1575271
249612;-1575981
263826;-1576564
278071;-1577017
292342;-1577342
306642;-1577541
320967;-1577608
335314;-1577544
349689;-1577347
364081;-1577020
378500;-1576565
392934;-1575978
407388;-1575255
421859;-1574401
436347;-1573419
450850;-1572296
465365;-1571041
479893;-1569662
494433;-1568139
508983;-1566484
523539;-1564697
538104;-1562769
552675;-1560711
567253;-1558515
581833;-1556185
596416;-1553716
610998;-1551111
625581;-1548374
640171;-1545496
654742;-1542484
669325;-1539332
683890;-1536049
698459;-1532625
713017;-1529059
727556;-1525365
742096;-1521528
756627;-1517550
771133;-1513434
785633;-1509185
800116;-1504798
814584;-1500271
829030;-1495608
843458;-1490811
857866;-1485869
872247;-1480781
886609;-1475567
900944;-1470218
915260;-1464715
929546;-1459089
943799;-1453322
958021;-1447413
972213;-1441366
986378;-1435183
1000505;-1428864
1014597;-1422405
1028648;-1415814
1042663;-1409079
1056649;-1402215
1070577;-1395204
1084480;-1388070
1098324;-1380786
1112138;-1373372
1125895;-1365823
1139610;-1358132
1153270;-1350312
1166889;-1342365
1180461;-1334271
1193966;-1326034
1207428;-1317675
1220831;-1309178
1234175;-1300549
1247465;-1291790
1260695;-1282896
1273860;-1273860
1286966;-1264702
1300012;-1255412
1312989;-1245984
1325913;-1236431
1338755;-1226744
1351535;-1216932
1364242;-1206981
1376882;-1196902
1389446;-1186706
1401950;-1176372
1414366;-1165910
1426708;-1155328
1438972;-1144606
1451158;-1133768
1463264;-1122805
1475293;-1111710
1487238;-1100496
1499096;-1089155
1510875;-1077696
1522562;-1066114
1534158;-1054403
1545675;-1042569
1557104;-1030619
1568436;-1018560
1579673;-1006367
1590824;-994058
1601875;-981624
1612832;-969082
1623684;-956429
1634449;-943651
1645107;-930767
1655679;-917759
1666131;-904634
1676488;-891403
1686737;-878061
1696885;-864607
1706920;-851035
1716868;-837361
1726682;-823576
1736385;-809684
1745982;-795691
1755481;-781596
1764860;-767386
1774117;-753073
1783275;-738657
1792292;-724139
1801209;-709518
1809992;-694805
1818669;-679971
1827225;-665061
1835663;-650034
1843965;-634921
1852135;-619723
1860203;-604410
1868133;-589012
1875925;-573543
1883606;-557954
1891153;-542284
1898574;-526518
1905842;-510674
1913010;-494733
1920019;-478717
1926906;-462612
1933673;-446421
1940290;-430161
1946746;-413807
1953103;-397361
1959304;-380849
1965352;-364248
1971275;-347587
1977049;-330848
1982696;-314027
1988174;-297131
1993536;-280178
1998735;-263138
2003796;-246043
2008706;-228871
2013476;-211620
2018095;-194323
2022551;-176939
2026874;-159504
2031042;-142022
2035054;-124461
2038908;-106861
2042623;-89194
2046186;-71440
2049598;-53684
2052846;-35840
2055938;-17952
2058874;0
2061655;17992
2064278;36032
2066744;54120
2069051;72253
2071198;90430
2073186;108651
2075013;126913
2076679;145215
2078183;163556
2079526;181935
2080705;200350
2081722;218798
2082574;237280
2083262;255793
2083786;274336
2084144;292907
2084337;311506
2084364;330130
2084224;348779
2083917;367451
2083442;386144
2082801;404856
2081990;423586
2081012;442333
2079864;461095
2078547;479870
2077061;498658
2075405;517456
2073579;536265
2071582;555079
2069415;573900
2067077;592725
2064568;611553
2061887;630382
2059035;649211
2056010;668038
2052814;686862
2049446;705681
2045905;724494
2042192;743298
2038306;762092
2034248;780875
2030017;799645
2025613;818401
2021036;837140
2016285;855862
2011362;874565
2006266;893248
2000997;911908
1995554;930543
1989939;949153
1984151;967735
1978189;986289
1972055;1004812
1965748;1023304
1959268;1041761
1952615;1060184
1945790;1078570
1938793;1096917
1931623;1115224
1924281;1133489
1916768;1151711
1909082;1169887
1901226;1188018
1893198;1206100
1884999;1224133
1876629;1242114
1868089;1260043
1859379;1277916
1850498;1295734
1841449;1313493
1832230;1331193
1822842;1348833
1813286;1366409
1803561;1383922
1793669;1401368
1783609;1418748
1773383;1436059
1762990;1453298
1752431;1470466
1741707;1487559
1730818;1504578
1719764;1521519
1708546;1538382
1697164;1555165
1685620;1571866
1673912;1588485
1662044;1605018
1650014;1621466
1637823;1637824
1625473;1654094
1612963;1670273
1600294;1686359
1587467;1702351
1574483;1718247
1561343;1734047
1548045;1749748
1534593;1765349
1520986;1780848
1507226;1796243
1493313;1811534
1479247;1826719
1465030;1841796
1450662;1856763
1436145;1871621
1421478;1886366
1406663;1900998
1391701;1915514
1376593;1929914
1361339;1944196
1345941;1958358
1330399;1972399
1314715;1986318
1298889;2000114
1282922;2013784
1266814;2027329
1250568;2040744
1234185;2054031
1217665;2067186
1201009;2080210
1184218;2093100
1167294;2105856
1150237;2118475
1133049;2130957
1115731;2143299
1098282;2155503
1080706;2167564
1063003;2179482
1045175;2191256
1027221;2202885
1009145;2214368
990946;2225702
972626;2236887
954186;2247922
935626;2258805
916951;2269535
898158;2280111
879252;2290532
860231;2300796
841099;2310902
821855;2320849
802502;2330637
783040;2340263
763472;2349727
743797;2359027
724019;2368162
704137;2377132
684155;2385935
664072;2394570
643891;2403036
623612;2411332
603238;2419457
582769;2427409
562207;2435188
541553;2442794
520810;2450224
499978;2457477
479060;2464554
458056;2471453
436968;2478172
415797;2484711
394546;2491069
373215;2497245
351806;2503239
330321;2509049
308762;2514674
287130;2520114
265426;2525367
243652;2530434
221810;2535312
199902;2540002
177928;2544503
155892;2548813
133792;2552932
111633;2556859
89416;2560593
67143;2564135
44814;2567482
22433;2570635
0;2573592
-22483;2576354
-45015;2578919
-67593;2581286
-90217;2583456
-112883;2585427
-135590;2587199
-158336;2588772
-181121;2590144
-203941;2591315
-226795;2592286
-249682;2593054
-272600;2593621
-295548;2593984
-318522;2594144
-341520;2594101
-364543;2593854
-387587;2593402
-410652;2592745
-433733;2591883
-456832;2590816
-479943;2589542
-503069;2588062
-526204;2586376
-549350;2584482
-572499;2582382
-595657;2580074
-618816;2577558
-641979;2574834
-665141;2571903
-688298;2568762
-711453;2565413
-734600;2561856
-757742;2558090
-780871;2554115
-803991;2549931
-827094;2545537
-850185;2540934
-873258;2536122
-896310;2531100
-919343;2525869
-942349;2520429
-965334;2514779
-988289;2508920
-1011218;2502851
-1034114;2496574
-1056979;2490087
-1079810;2483390
-1102602;2476485
-1125358;2469370
-1148072;2462048
-1170745;2454516
-1193372;2446777
-1215956;2438828
-1238489;2430673
-1260975;2422309
-1283406;2413737
-1305787;2404959
-1328111;2395973
-1350376;2386781
-1372584;2377382
-1394728;2367779
-1416811;2357967
-1438826;2347952
-1460778;2337732
-1482657;2327308
-1504469;2316678
-1526208;2305845
-1547869;2294810
-1569457;2283571
-1590964;2272131
-1612392;2260489
-1633737;2248646
-1654999;2236602
-1676174;2224359
-1697263;2211915
-1718262;2199272
-1739168;2186433
-1759982;2173394
-1780698;2160160
-1801321;2146729
-1821842;2133103
-1842264;2119280
-1862581;2105266
-1882796;2091056
-1902903;2076655
-1922904;2062061
-1942795;2047276
-1962571;2032302
-1982237;2017137
-2001785;2001785
-2021218;1986244
-2040530;1970517
-2059723;1954602
-2078792;1938505
-2097738;1922221
-2116559;1905755
-2135249;1889108
-2153812;1872278
-2172242;1855270
-2190541;1838080
-2208703;1820714
-2226731;1803169
-2244618;1785450
-2262367;1767554
-2279975;1749484
-2297438;1731243
-2314758;1712829
-2331930;1694245
-2348954;1675491
-2365828;1656570
-2382551;1637480
-2399120;1618227
-2415535;1598806
-2431792;1579225
-2447893;1559479
-2463835;1539573
-2479614;1519509
-2495231;1499284
-2510682;1478905
-2525970;1458368
-2541088;1437679
-2556039;1416834
-2570818;1395841
-2585427;1374694
-2599861;1353400
-2614119;1331960
-2628203;1310372
-2642108;1288641
-2655834;1266766
-2669378;1244751
-2682742;1222594
-2695920;1200301
-2708915;1177868
-2721724;1155300
-2734343;1132601
-2746775;1109767
-2759014;1086804
-2771063;1063710
-2782918;1040491
-2794580;1017142
-2806044;993672
-2817313;970077
-2828382;946363
-2839253;922528
-2849922;898575
-2860390;874508
-2870655;850325
-2880714;826031
-2890569;801624
-2900216;777110
-2909656;752486
-2918885;727760
-2927906;702927
-2936716;677992
-2945311;652959
-2953694;627826
-2961864;602597
-2969816;577272
-2977552;551856
-2985071;526347
-2992370;500752
-2999451;475065
-3006311;449293
-3012948;423442
-3019364;397505
-3025556;371492
-3031524;345397
-3037266;319228
-3042783;292985
-3048072;266672
-3053134;240286
-3057968;213835
-3062571;187314
-3066945;160730
-3071087;134086
-3074999;107379
-3078677;80618
-3082122;53797
-3085333;26924
-3088311;-1
-3091052;-26973
-3093558;-53998
-3095829;-81069
-3097860;-108180
-3099656;-135335
-3101211;-162527
-3102530;-189760
-3103609;-217025
-3104447;-244326
-3105044;-271656
-3105403;-299016
-3105519;-326405
-3105394;-353815
-3105026;-381250
-3104416;-408703
-3103563;-436179
-3102467;-463667
-3101127;-491170
-3099543;-518684
-3097714;-546212
-3095642;-573742
-3093324;-601281
-3090761;-628823
-3087953;-656365
-3084901;-683908
-3081601;-711443
-3078054;-738977
-3074265;-766500
-3070226;-794015
-3065943;-821517
-3061412;-849005
-3056635;-876477
-3051612;-903928
-3046342;-931361
-3040826;-958770
-3035063;-986153
-3029055;-1013506
-3022797;-1040834
-3016296;-1068125
-3009547;-1095385
-3002551;-1122610
-2995310;-1149793
-2987822;-1176936
-2980090;-1204034
-2972111;-1231089
-2963887;-1258095
-2955418;-1285054
-2946704;-1311957
-2937746;-1338809
-2928541;-1365600
-2919094;-1392337
-2909401;-1419012
-2899469;-1445623
-2889290;-1472169
-2878871;-1498644
-2868206;-1525053
-2857303;-1551388
-2846156;-1577649
-2834770;-1603835
-2823141;-1629941
-2811274;-1655969
-2799168;-1681910
-2786823;-1707766
-2774239;-1733537
-2761417;-1759219
-2748358;-1784804
-2735060;-1810299
-2721531;-1835695
-2707763;-1860996
-2693763;-1886195
-2679530;-1911291
-2665062;-1936282
-2650362;-1961163
-2635428;-1985943
-2620270;-2010605
-2604875;-2035156
-2589255;-2059586
-2573406;-2083903
-2557332;-2108098
-2541025;-2132174
-2524498;-2156127
-2507743;-2179948
-2490765;-2203645
-2473566;-2227208
-2456146;-2250642
-2438503;-2273943
-2420642;-2297104
-2402560;-2320123
-2384261;-2343006
-2365746;-2365749
-2347015;-2388341
-2328069;-2410788
-2308912;-2433087
-2289542;-2455233
-2269961;-2477227
-2250169;-2499068
-2230171;-2520753
-2209966;-2542274
-2189554;-2563640
-2168935;-2584838
-2148115;-2605873
-2127092;-2626742
-2105867;-2647443
-2084448;-2667969
-2062829;-2688328
-2041009;-2708511
-2018998;-2728519
-1996791;-2748343
-1974389;-2767993
-1951799;-2787461
-1929021;-2806744
-1906052;-2825842
-1882902;-2844750
-1859558;-2863472
-1836038;-2882002
-1812332;-2900339
-1788447;-2918483
-1764385;-2936431
-1740141;-2954181
-1715728;-2971729
-1691137;-2989077
-1666375;-3006222
-1641441;-3023161
-1616342;-3039896
-1591072;-3056421
-1565641;-3072736
-1540039;-3088841
-1514277;-3104735
-1488358;-3120410
-1462281;-3135874
-1436048;-3151113
-1409653;-3166139
-1383111;-3180942
-1356416;-3195522
-1329575;-3209879
-1302582;-3224013
-1275454;-3237912
-1248167;-3251596
-1220747;-3265039
-1193187;-3278255
-1165488;-3291240
-1137655;-3303989
-1109685;-3316503
-1081586;-3328779
-1053354;-3340816
-1024995;-3352620
-996510;-3364175
-967904;-3375494
-939179;-3386568
-910323;-3397398
-881362;-3407975
-852279;-3418315
-823084;-3428405
-793780;-3438243
-764361;-3447828
-734838;-3457164
-705217;-3466247
-675485;-3475076
-645654;-3483648
-615730;-3491971
-585703;-3500028
-555592;-3507826
-525370;-3515381
-495079;-3522661
-464688;-3529677
-434219;-3536432
-403662;-3542934
-373032;-3549169
-342315;-3555135
-311530;-3560837
-280674;-3566264
-249735;-3571435
-218737;-3576327
-187671;-3580960
-156540;-3585324
-125340;-3589406
-94093;-3593215
-62782;-3596766
-31416;-3600033
1;-3603031
31465;-3605752
62983;-3608200
94544;-3610372
126143;-3612270
157783;-3613884
189463;-3615227
221174;-3616291
252938;-3617076
284708;-3617579
316523;-3617810
348355;-3617749
380208;-3617418
412078;-3616806
443977;-3615910
475885;-3614732
507815;-3613278
539749;-3611527
571692;-3609505
603639;-3607201
635592;-3604611
667544;-3601744
699493;-3598590
731441;-3595140
763376;-3591430
795311;-3587416
827230;-3583130
859135;-3578553
891022;-3573692
922888;-3568549
954738;-3563118
986557;-3557416
1018357;-3551414
1050117;-3545125
1081851;-3538569
1113549;-3531718
1145212;-3524589
1176831;-3517168
1208407;-3509471
1239944;-3501495
1271429;-3493224
1302865;-3484670
1334250;-3475838
1365573;-3466722
1396845;-3457328
1428075;-3447645
1459217;-3437690
1490304;-3427440
1521312;-3416919
1552264;-3406123
1583134;-3395033
1613919;-3383678
1644657;-3372027
1675297;-3360108
1705839;-3347906
1736325;-3335428
1766699;-3322675
1797000;-3309652
1827194;-3296340
1857297;-3282763
1887306;-3268911
1917207;-3254768
1947007;-3240365
1976709;-3225687
2006296;-3210754
2035782;-3195527
2065132;-3180042
2094390;-3164280
2123518;-3148252
2152540;-3131952
2181432;-3115388
2210195;-3098563
2238842;-3081480
2267325;-3064116
2295717;-3046506
2323943;-3028620
2352055;-3010489
2380012;-2992082
2407833;-2973418
2435501;-2954491
2463028;-2935318
2490412;-2915892
2517628;-2896229
2544707;-2876264
2571615;-2856074
2598386;-2835637
2624976;-2814946
2651409;-2794004
2677683;-2772811
2703781;-2751396
2729696;-2729705
2755453;-2707785
2781063;-2685627
2806454;-2663219
2831683;-2640581
2856728;-2617688
2881576;-2594591
2906250;-2571244
2930730;-2547638
2955025;-2523828
2979144;-2499792
3003046;-2475513
3026756;-2451023
3050264;-2426281
3073578;-2401343
3096676;-2376169
3119595;-2350756
3142279;-2325161
3164764;-2299330
3187039;-2273292
3209110;-2247028
3230923;-2220563
3252575;-2193890
3273978;-2166981
3295154;-2139910
3316122;-2112605
3336851;-2085098
3357335;-2057391
3377633;-2029477
3397671;-2001387
3417485;-1973088
3437074;-1944604
3456397;-1915930
3475505;-1887042
3494368;-1857981
3512980;-1828745
3531362;-1799318
3549473;-1769695
3567373;-1739930
3584996;-1709937
3602365;-1679806
3619466;-1649488
3636353;-1619021
3652959;-1588345
3669316;-1557544
3685422;-1526552
3701242;-1495411
3716826;-1464085
3732108;-1432653
3747166;-1400994
3761934;-1369244
3776440;-1337324
3790655;-1305225
3804606;-1273018
3818301;-1240647
3831718;-1208119
3844813;-1175459
3857692;-1142710
3870276;-1109760
3882570;-1076725
3894573;-1043572
3906309;-1010250
3917727;-976804
3928902;-943249
3939789;-909568
3950351;-875776
3960622;-841883
3970621;-807813
3980363;-773703
3989746;-739448
3998872;-705105
4007686;-670665
4016222;-636108
4024426;-601448
4032364;-566707
4039997;-531876
4047340;-496943
4054348;-461951
4061075;-426848
4067500;-391662
4073605;-356376
4079385;-321056
4084906;-285641
4090095;-250166
4094951;-214620
4099526;-179012
4103804;-143280
4107759;-107570
4111411;-71780
4114726;-35897
4117748;3
4120450;35960
4122839;71967
4124912;108016
4126671;144109
4128113;180238
4129238;216406
4130047;252605
4130538;288837
4130711;325094
4130565;361379
4130101;397687
4129317;434010
4128213;470353
4126790;506707
4125046;543075
4122982;579448
4120596;615829
4117890;652209
4114861;688593
4111512;724974
4107840;761344
4103847;797710
4099532;834060
4094894;870399
4089935;906717
4084652;943019
4079049;979293
4073122;1015545
4066873;1051769
4060302;1087956
4053408;1124113
4046194;1160228
4038656;1196307
4030798;1232339
4022617;1268329
4014116;1304266
4005293;1340154
3996150;1375984
3986685;1411761
3976900;1447477
3966796;1483126
3956372;1518712
3945629;1554226
3934567;1589671
3923187;1625038
3911488;1660331
3899474;1695540
3887140;1730669
3874491;1765711
3861528;1800661
3848248;1835524
3834654;1870287
3820746;1904957
3806525;1939522
3791990;1973988
3777146;2008344
3761988;2042595
3746520;2076735
3730745;2110756
3714659;2144663
3698267;2178447
3681566;2212112
3664561;2245646
3647249;2279058
3629635;2312333
3611715;2345478
3593495;2378483
3574972;2411351
3556149;2444078
3537029;2476656
3517609;2509090
3497893;2541370
3477881;2573500
3457575;2605471
3436975;2637287
3416085;2668938
3394900;2700428
3373427;2731752
3351668;2762904
3329619;2793886
3307287;2824691
3284668;2855322
3261769;2885771
3238586;2916040
3215125;2946120
3191384;2976017
3167365;3005723
3143073;3035233
3118505;3064552
3093667;3093669
3068555;3122589
3043177;3151303
3017528;3179815
2991616;3208116
2965437;3236211
2938995;3264091
2912296;3291754
2885334;3319203
2858118;3346428
2830643;3373434
2802918;3400212
2774936;3426766
2746709;3453088
2718230;3479180
2689508;3505035
2660538;3530657
2631326;3556040
2601876;3581179
2572185;3606077
2542261;3630727
2512098;3655131
2481707;3679284
2451082;3703186
2420232;3726831
2389152;3750222
2357849;3773355
2326326;3796224
2294581;3818832
2262622;3841173
2230444;3863249
2198056;3885053
2165454;3906589
2132647;3927849
2099630;3948836
2066409;3969545
2032990;3989973
1999369;4010123
1965554;4029986
1931540;4049567
1897339;4068859
1862944;4087865
1828365;4106577
1793598;4124999
1758652;4143125
1723522;4160957
1688216;4178491
1652737;4195724
1617084;4212658
1581264;4229286
1545273;4245612
1509121;4261630
1472803;4277342
1436330;4292742
1399697;4307833
1362910;4322612
1325974;4337074
1288886;4351222
1251657;4365052
1214280;4378565
1176766;4391756
1139110;4404627
1101324;4417174
1063401;4429397
1025349;4441295
987174;4452864
948871;4464107
910451;4475019
871909;4485602
833255;4495851
794485;4505767
755609;4515349
716622;4524595
677536;4533505
638344;4542076
599055;4550310
559675;4558202
520198;4565754
480636;4572963
440984;4579830
401252;4586351
361437;4592530
321548;4598362
281581;4603847
241542;4608985
201439;4613774
161267;4618214
121037;4622304
80744;4626043
40399;4629430
-2;4632466
-40450;4635149
-80950;4637479
-121492;4639455
-162072;4641075
-202693;4642341
-243343;4643251
-284031;4643806
-324741;4644003
-365481;4643843
-406238;4643325
-447019;4642450
-487811;4641216
-528620;4639623
-569438;4637672
-610258;4635361
-651086;4632691
-691908;4629661
-732732;4626271
-773545;4622521
-814353;4618411
-855143;4613940
-895922;4609109
-936682;4603917
-977414;4598365
-1018126;4592452
-1058804;4586179
-1099455;4579544
-1140066;4572551
-1180643;4565197
-1221174;4557482
-1261665;4549407
-1302107;4540972
-1342494;4532179
-1382832;4523025
-1423107;4513514
-1463325;4503642
-1503476;4493413
-1543564;4482825
-1583576;4471881
-1623520;4460578
-1663382;4448920
-1703170;4436904
-1742873;4424532
-1782487;4411806
-1822015;4398724
-1861446;4385290
-1900786;4371501
-1940022;4357361
-1979161;4342866
-2018190;4328021
-2057114;4312825
-2095928;4297279
-2134622;4281385
-2173203;4265142
-2211658;4248553
-2249993;4231614
-2288197;4214332
-2326274;4196704
-2364214;4178734
-2402022;4160419
-2439690;4141762
-2477211;4122766
-2514590;4103429
-2551816;4083756
-2588894;4063743
-2625813;4043395
-2662577;4022709
-2699177;4001694
-2735617;3980343
-2771886;3958662
-2807988;3936650
-2843917;3914308
-2879665;3891642
-2915239;3868646
-2950627;3845329
-2985833;3821686
-3020847;3797724
-3055675;3773439
-3090303;3748838
-3124740;3723917
-3158977;3698680
-3193008;3673132
-3226836;3647268
-3260453;3621097
-3293861;3594614
-3327053;3567826
-3360031;3540729
-3392786;3513332
-3425321;3485630
-3457632;3457625
-3489711;3429327
-3521563;3400729
-3553179;3371837
-3584560;3342650
-3615700;3313176
-3646601;3283409
-3677255;3253359
-3707665;3223020
-3737823;3192402
-3767731;3161499
-3797384;3130316
-3826777;3098860
-3855912;3067126
-3884782;3035124
-3913391;3002846
-3941729;2970305
-3969798;2937494
-3997594;2904421
-4025116;2871084
-4052362;2837488
-4079324;2803639
-4106006;2769532
-4132401;2735174
-4158512;2700565
-4184330;2665711
-4209860;2630609
-4235093;2595268
-4260031;2559682
-4284671;2523859
-4309008;2487804
-4333043;2451512
-4356771;2414995
-4380194;2378246
-4403305;2341277
-4426105;2304081
-4448589;2266669
-4470761;2229036
-4492612;2191192
-4514144;2153134
-4535354;2114865
-4556239;2076394
-4576798;2037717
-4597026;1998842
-4616928;1959765
-4636495;1920498
-4655730;1881034
-4674626;1841384
-4693189;1801543
-4711411;1761518
-4729289;1721317
-4746827;1680934
-4764017;1640380
-4780862;1599651
-4797359;1558755
-4813505;1517689
-4829301;1476465
-4844745;1435076
-4859833;1393529
-4874564;1351834
-4888937;1309982
-4902951;1267986
-4916604;1225842
-4929894;1183560
-4942822;1141137
-4955382;1098580
-4967577;1055889
-4979406;1013070
-4990864;970122
-5001951;927053
-5012667;883865
-5023010;840557
-5032977;797143
-5042570;753612
-5051786;709981
-5060624;666241
-5069084;622406
-5077163;578467
-5084862;534435
-5092178;490318
-5099112;446109
-5105662;401822
-5111826;357449
-5117605;313006
-5122998;268482
-5128001;223893
-5132619;179231
-5136846;134508
-5140682;89729
-5144132;44888
-5147185;-2
-5149848;-44946
-5152119;-89930
-5153997;-134965
-5155480;-180035
-5156571;-225143
-5157263;-270280
-5157564;-315453
-5157468;-360651
-5156974;-405864
-5156084;-451101
-5154798;-496350
-5153114;-541617
-5151033;-586886
-5148554;-632164
-5145677;-677440
-5142400;-722720
-5138726;-767992
-5134653;-813249
-5130180;-858503
-5125308;-903733
-5120040;-948948
-5114371;-994133
-5108302;-1039298
-5101835;-1084430
-5094972;-1129531
-5087703;-1174594
-5080040;-1219614
-5071980;-1264592
-5063520;-1309516
-5054663;-1354398
-5045406;-1399215
-5035751;-1443981
-5025701;-1488679
-5015253;-1533318
-5004409;-1577886
-4993169;-1622386
-4981531;-1666800
-4969500;-1711138
-4957077;-1755390
-4944254;-1799566
-4931041;-1843645
-4917435;-1887628
-4903437;-1931514
-4889045;-1975306
-4874262;-2018986
-4859091;-2062562
-4843528;-2106033
-4827578;-2149379
-4811243;-2192611
-4794514;-2235718
-4777400;-2278713
-4759904;-2321564
-4742026;-2364289
-4723761;-2406873
-4705112;-2449333
-4686083;-2491635
-4666678;-2533797
-4646884;-2575819
-4626722;-2617678
-4606177;-2659378
-4585261;-2700927
-4563965;-2742315
-4542302;-2783525
-4520263;-2824574
-4497849;-2865456
-4475071;-2906151
-4451925;-2946669
-4428415;-2987002
-4404533;-3027159
-4380294;-3067117
-4355692;-3106886
-4330729;-3146455
-4305396;-3185835
-4279716;-3225007
-4253686;-3263970
-4227290;-3302726
-4200547;-3341271
-4173451;-3379595
-4146011;-3417702
-4118211;-3455601
-4090078;-3493260
-4061594;-3530691
-4032773;-3567891
-4003604;-3604870
-3974107;-3641597
-3944268;-3678093
-3914090;-3714343
-3883589;-3750342
-3852754;-3786089
-3821592;-3821589
-3790097;-3856837
-3758282;-3891818
-3726147;-3926542
-3693686;-3961005
-3660912;-3995195
-3627824;-4029110
-3594421;-4062760
-3560701;-4096133
-3526686;-4129222
-3492354;-4162027
-3457725;-4194548
-3422777;-4226790
-3387544;-4258736
-3352019;-4290383
-3316183;-4321746
-3280062;-4352801
-3243664;-4383561
-3206968;-4414005
-3169981;-4444164
-3132719;-4473993
-3095181;-4503517
-3057364;-4532726
-3019266;-4561618
-2980900;-4590189
-2942271;-4618439
-2903360;-4646367
-2864202;-4673968
-2824784;-4701231
-2785101;-4728167
-2745156;-4754767
-2704974;-4781030
-2664537;-4806953
-2623844;-4832540
-2582920;-4857780
-2541755;-4882665
-2500352;-4907206
-2458700;-4931402
-2416827;-4955239
-2374726;-4978720
-2332397;-5001843
-2289845;-5024612
-2247070;-5047014
-2204085;-5069054
-2160878;-5090732
-2117467;-5112031
-2073848;-5132969
-2030037;-5153523
-1986000;-5173717
-1941780;-5193528
-1897363;-5212963
-1852761;-5232018
-1807953;-5250690
-1762975;-5268982
-1717813;-5286885
-1672460;-5304401
-1626948;-5321531
-1581260;-5338264
-1535406;-5354609
-1489379;-5370561
-1443196;-5386120
-1396862;-5401267
-1350366;-5416035
-1303712;-5430391
-1256926;-5444349
-1209981;-5457899
-1162896;-5471053
-1115691;-5483788
-1068337;-5496122
-1020859;-5508047
-973244;-5519564
-925515;-5530665
-877674;-5541349
-829695;-5551637
-781614;-5561498
-733423;-5570937
-685133;-5579956
-636738;-5588567
-588242;-5596767
-539646;-5604533
-490972;-5611865
-442202;-5618800
-393353;-5625296
-344428;-5631359
-295422;-5637010
-246338;-5642232
-197191;-5647027
-147994;-5651388
-98710;-5655313
-49383;-5658830
1;-5661906
49449;-5664546
98918;-5666753
148440;-5668542
197997;-5669892
247599;-5670803
297215;-5671281
346862;-5671327
396539;-5670938
446253;-5670104
495969;-5668852
545692;-5667144
595419;-5665020
645166;-5662444
694890;-5659439
744620;-5655993
794366;-5652107
844071;-5647783
893772;-5643029
943449;-5637842
993116;-5632204
1042745;-5626144
1092345;-5619639
1141919;-5612693
1191448;-5605311
1240933;-5597486
1290369;-5589245
1339781;-5580540
1389109;-5571408
1438389;-5561842
1487620;-5551838
1536769;-5541409
1585863;-5530531
1634869;-5519210
1683817;-5507473
1732665;-5495298
1781441;-5482695
1830113;-5469652
1878717;-5456176
1927211;-5442278
1975606;-5427934
2023911;-5413161
2072091;-5397969
2120149;-5382333
2168110;-5366282
2215969;-5349800
2263686;-5332894
2311282;-5315548
2358728;-5297797
2406057;-5279603
2453253;-5261005
2500282;-5241990
2547197;-5222521
2593962;-5202670
2640545;-5182375
2687001;-5161680
2733273;-5140560
2779415;-5119029
2825358;-5097073
2871136;-5074711
2916736;-5051944
2962165;-5028752
3007404;-5005163
3052472;-4981158
3097333;-4956783
3142019;-4931965
3186484;-4906765
3230772;-4881124
3274824;-4855135
3318701;-4828721
3362360;-4801935
3405789;-4774720
3449027;-4747145
3491987;-4719152
3534759;-4690791
3577306;-4662034
3619630;-4632909
3661687;-4603360
3703521;-4573466
3745107;-4543165
3786446;-4512503
3827540;-4481462
3868379;-4450071
3908958;-4418267
3949289;-4386122
3989345;-4353591
4029124;-4320712
4068644;-4287458
4107906;-4253849
4146894;-4219871
4185534;-4185548
4223941;-4150868
4262068;-4115837
4299911;-4080453
4337452;-4044730
4374668;-4008662
4411607;-3972239
4448255;-3935501
4484579;-3898374
4520626;-3860955
4556319;-3823211
4591726;-3785116
4626803;-3746719
4661573;-3707974
4695995;-3668915
4730087;-3629533
4763894;-3589856
4797301;-3549827
4830429;-3509504
4863203;-3468888
4895657;-3427959
4927713;-3386723
4959466;-3345203
4990839;-3303332
5021857;-3261229
5052564;-3218843
5082878;-3176137
5112838;-3133132
5142413;-3089898
5171655;-3046346
5200520;-3002526
5229010;-2958447
5257125;-2914099
5284879;-2869451
5312259;-2824564
5339225;-2779417
5365836;-2734029
5392025;-2688354
5417858;-2642439
5443307;-2596331
5468339;-2549921
5492951;-2503285
5517261;-2456406
5541065;-2409313
5564515;-2362015
5587595;-2314442
5610211;-2266675
5632442;-2218660
5654224;-2170499
5675643;-2122032
5696633;-2073398
5717223;-2024601
5737351;-1975524
5757072;-1926323
5776405;-1876876
5795303;-1827227
5813741;-1777432
5831788;-1727445
5849394;-1677251
5866567;-1626933
5883300;-1576398
5899606;-1525757
5915434;-1474891
5930867;-1423869
5945848;-1372697
5960424;-1321401
5974498;-1269959
5988217;-1218327
6001383;-1166544
6014142;-1114644
6026469;-1062623
6038303;-1010402
6049752;-958188
6060678;-905765
6071181;-853240
6081260;-800618
6090879;-747855
6099990;-695031
6108662;-642006
6116889;-588982
6124652;-535810
6131896;-482586
6138744;-429308
6145132;-375860
6150993;-322379
6156450;-268789
6161479;-215171
6165927;-161468
6169976;-107720
6173527;-53849
6176622;5
6179246;53928
6181399;107896
6183081;161917
6184290;215964
6185027;270045
6185291;324167
6185081;378302
6184397;432458
6183238;486631
6181604;540829
6179496;595023
6176912;649221
6173853;703420
6170317;757627
6166306;811813
6161819;865988
6156855;920157
6151415;974294
6145499;1028407
6139107;1082490
6132237;1136551
6124894;1190564
6117073;1244534
6108776;1298471
6100004;1352345
6090758;1406166
6081036;1459928
6070837;1513639
6060166;1567271
6049022;1620833
6037403;1674319
6025309;1727737
6012745;1781061
5999709;1834296
5986199;1887451
5972220;1940499
5957771;1993446
5942853;2046288
5927463;2099034
5911608;2151655
5895286;2204159
5878498;2256542
5861240;2308812
5843521;2360940
5825339;2412935
5806689;2464804
5787583;2516519
5768015;2568089
5747989;2619509
5727499;2670786
5706557;2721893
5685158;2772839
5663300;2823629
5640993;2874237
5618233;2924672
5595024;2974927
5571359;3025012
5547251;3074898
5522697;3124594
5497698;3174096
5472250;3223411
5446365;3272511
5420040;3321406
5393270;3370101
5366068;3418570
5338432;3466822
5310361;3514851
5281853;3562665
5252920;3610238
5223559;3657578
5193773;3704680
5163554;3751551
5132920;3798167
5101866;3844532
5070386;3890656
5038496;3936512
5006192;3982108
4973475;4027440
4940341;4072515
4906807;4117306
4872866;4161824
4838516;4206071
4803771;4250027
4768627;4293696
4733087;4337076
4697145;4380171
4660818;4422960
4624103;4465448
4587000;4507633
4549507;4549517
4511638;4591083
4473391;4632333
4434758;4673275
4395760;4713887
4356392;4754173
4316654;4794130
4276542;4833765
4236075;4873056
4195249;4912009
4154065;4950621
4112517;4988895
4070627;5026813
4028388;5064380
3985794;5101600
3942866;5138455
3899599;5174948
3855994;5211078
3812047;5246847
3767778;5282239
3723182;5317258
3678251;5351908
3633010;5386172
3587449;5420052
3541574;5453548
3495378;5486663
3448884;5519380
3402084;5551703
3354983;5583629
3307574;5615163
3259880;5646287
3211894;5677006
3163610;5707325
3115051;5737226
3066212;5766714
3017095;5795786
2967693;5824447
2918032;5852681
2868104;5880491
2817913;5907874
2767450;5934836
2716744;5961361
2665784;5987452
2614565;6013114
2563112;6038332
2511418;6063109
2459487;6087444
2407311;6111339
2354917;6134783
2302296;6157776
2249442;6180324
2196382;6202413
2143106;6224046
2089621;6245220
2035917;6265941
1982023;6286196
1927930;6305985
1873643;6325310
1819153;6344171
1764489;6362559
1709641;6380476
1654604;6397923
1599405;6414893
1544035;6431384
1488499;6447399
1432789;6462937
1376933;6477990
1320924;6492561
1264765;6506648
1208448;6520250
1152003;6533362
1095421;6545986
1038694;6558123
981851;6569765
924883;6580914
867796;6591569
810581;6601730
753268;6611393
695846;6620558
638310;6629226
580688;6637392
522973;6645057
465168;6652221
407264;6658881
349293;6665038
291245;6670688
233125;6675833
174925;6680473
116675;6684603
58366;6688226
-10;6691341
-58424;6693945
-116883;6696039
-175383;6697623
-233933;6698695
-292501;6699256
-351097;6699304
-409717;6698839
-468368;6697862
-527020;6696370
-585681;6694365
-644361;6691845
-703029;6688810
-761692;6685262
-820348;6681200
-879002;6676621
-937627;6671528
-996230;6665920
-1054819;6659795
-1113364;6653158
-1171874;6646006
-1230344;6638338
-1288781;6630154
-1347157;6621458
-1405479;6612248
-1463743;6602524
-1521957;6592283
-1580091;6581532
-1638153;6570268
-1696151;6558489
-1754056;6546200
-1811876;6533400
-1869605;6520090
-1927253;6506265
-1984790;6491935
-2042223;6477097
-2099548;6461749
-2156773;6445890
-2213869;6429529
-2270843;6412661
-2327704;6395284
-2384422;6377407
-2441005;6359028
-2497449;6340145
-2553762;6320758
-2609914;6300875
-2665913;6280494
-2721767;6259609
-2777448;6238233
-2832963;6216361
-2888308;6193994
-2943490;6171132
-2998480;6147782
-3053288;6123942
-3107908;6099613
-3162346;6074793
-3216577;6049491
-3270607;6023706
-3324444;5997432
-3378059;5970684
-3431460;5943456
-3484643;5915751
-3537615;5887562
-3590350;5858907
-3642853;5829780
-3695121;5800183
-3747161;5770107
-3798947;5739574
-3850485;5708578
-3901783;5677111
-3952814;5645189
-4003583;5612811
-4054088;5579975
-4104337;5546677
-4154301;5512935
-4203990;5478743
-4253408;5444096
-4302532;5409012
-4351367;5373484
-4399908;5337516
-4448165;5301102
-4496110;5264259
-4543752;5226984
-4591083;5189278
-4638114;5151135
-4684818;5112574
-4731202;5073591
-4777272;5034179
-4823004;4994359
-4868406;4954122
-4913473;4913472
-4958209;4872407
-5002595;4830942
-5046634;4789072
-5090322;4746803
-5133666;4704128
-5176644;4661064
-5219261;4617610
-5261522;4573757
-5303407;4529528
-5344921;4484917
-5386059;4439924
-5426828;4394546
-5467205;4348804
-5507198;4302693
-5546812;4256203
-5586023;4209360
-5624839;4162158
-5663258;4114597
-5701283;4066672
-5738894;4018408
-5776096;3969797
-5812887;3920843
-5849272;3871537
-5885230;3821907
-5920767;3771943
-5955888;3721640
-5990574;3671020
-6024832;3620079
-6058654;3568820
-6092048;3517234
-6124997;3465349
-6157504;3413156
-6189565;3360661
-6221186;3307854
-6252349;3254762
-6283059;3201378
-6313322;3147696
-6343118;3093739
-6372453;3039501
-6401326;2984987
-6429737;2930189
-6457674;2875135
-6485137;2819815
-6512135;2764223
-6538649;2708388
-6564686;2652301
-6590239;2595964
-6615315;2539371
-6639902;2482550
-6663998;2425493
-6687604;2368205
-6710722;2310678
-6733341;2252940
-6755464;2194981
-6777091;2136797
-6798214;2078415
-6818835;2019827
-6838948;1961036
-6858558;1902037
-6877657;1842856
-6896245;1783486
-6914318;1723935
-6931883;1664189
-6948928;1604282
-6965452;1544202
-6981463;1483943
-6996948;1423539
-7011911;1362973
-7026349;1302256
-7040264;1241378
-7053648;1180367
-7066503;1119221
-7078831;1057924
-7090623;996515
-7101884;934976
-7112611;873320
-7122803;811531
-7132457;749644
-7141573;687652
-7150151;625557
-7158190;563355
-7165685;501068
-7172639;438697
-7179050;376225
-7184918;313691
-7190239;251084
-7195013;188409
-7199243;125651
-7202928;62853
-7206059;-2
-7208643;-62905
-7210681;-125871
-7212166;-188861
-7213099;-251889
-7213485;-314956
-7213317;-378040
-7212598;-441146
-7211327;-504265
-7209501;-567411
-7207123;-630545
-7204193;-693684
-7200708;-756837
-7196671;-819966
-7192081;-883078
-7186937;-946176
-7181235;-1009268
-7174985;-1072314
-7168179;-1135328
-7160819;-1198308
-7152905;-1261256
-7144438;-1324150
-7135417;-1386984
-7125845;-1449780
-7115718;-1512501
-7105043;-1575155
-7093813;-1637734
-7082026;-1700254
-7069697;-1762681
-7056813;-1825018
-7043383;-1887268
-7029394;-1949434
-7014868;-2011484
-6999790;-2073430
-6984164;-2135275
-6967988;-2197017
-6951278;-2258603
-6934009;-2320091
-6916200;-2381457
-6897858;-2442656
-6878961;-2503745
-6859525;-2564693
-6839560;-2625463
-6819042;-2686106
-6798003;-2746564
-6776413;-2806883
-6754291;-2867041
-6731645;-2927000
-6708452;-2986800
-6684730;-3046424
-6660488;-3105835
-6635708;-3165084
-6610403;-3224127
-6584584;-3282955
-6558226;-3341596
-6531358;-3400005
-6503961;-3458218
-6476043;-3516217
-6447623;-3573971
-6418674;-3631517
-6389212;-3688832
-6359248;-3745886
-6328763;-3802716
-6297770;-3859298
-6266288;-3915612
-6234284;-3971691
-6201797;-4027485
-6168790;-4083038
-6135293;-4138323
-6101313;-4193303
-6066824;-4248039
-6031842;-4302492
-5996394;-4356630
-5960434;-4410501
-5923997;-4464076
-5887101;-4517335
-5849704;-4570297
-5811844;-4622937
-5773497;-4675287
-5734675;-4727321
-5695409;-4779003
-5655659;-4830393
-5615441;-4881444
-5574779;-4932141
-5533643;-4982528
-5492059;-5032563
-5450034;-5082243
-5407543;-5131580
-5364624;-5180544
-5321247;-5229173
-5277424;-5277444
-5233186;-5325327
-5188495;-5372848
-5143375;-5420003
-5097846;-5466761
-5051865;-5513157
-5005472;-5559162
-4958673;-5604768
-4911442;-5649987
-4863802;-5694812
-4815773;-5739216
-4767316;-5783238
-4718484;-5826830
-4669221;-5870028
-4619580;-5912811
-4569554;-5955152
-4519119;-5997091
-4468313;-6038613
-4417145;-6079668
-4365573;-6120328
-4313628;-6160528
-4261340;-6200290
-4208657;-6239613
-4155645;-6278481
-4102241;-6316906
-4048493;-6354890
-3994412;-6392386
-3939959;-6429449
-3885167;-6466040
-3830058;-6502154
-3774590;-6537805
-3718803;-6572996
-3662699;-6607686
-3606251;-6641915
-3549511;-6675648
-3492437;-6708908
-3435046;-6741682
-3377372;-6773951
-3319377;-6805743
-3261081;-6837039
-3202514;-6867816
-3143646;-6898107
-3084481;-6927901
-3025058;-6957165
-2965341;-6985937
-2905377;-7014179
-2845114;-7041924
-2784602;-7069150
-2723842;-7095834
-2662812;-7122017
-2601528;-7147682
-2540029;-7172798
-2478256;-7197393
-2416250;-7221464
-2354041;-7244991
-2291571;-7267984
-2228917;-7290440
-2166009;-7312352
-2102905;-7333737
-2039605;-7354553
-1976068;-7374841
-1912349;-7394564
-1848456;-7413748
-1784343;-7432378
-1720056;-7450453
-1655601;-7467969
-1590957;-7484938
-1526140;-7501333
-1461188;-7517168
-1396047;-7532447
-1330770;-7547169
-1265327;-7561303
-1199730;-7574884
-1134030;-7587892
-1068153;-7600337
-1002145;-7612208
-936047;-7623480
-869810;-7634204
-803435;-7644349
-736978;-7653930
-670402;-7662915
-603753;-7671317
-536970;-7679157
-470109;-7686407
-403174;-7693071
-336142;-7699146
-269040;-7704634
-201892;-7709557
-134640;-7713870
-67332;-7717633
2;-7720781
67422;-7723340
134835;-7725321
202337;-7726712
269868;-7727502
337389;-7727716
404967;-7727335
472580;-7726355
540155;-7724799
607792;-7722630
675424;-7719878
743030;-7716537
810631;-7712617
878202;-7708091
945804;-7702967
1013384;-7697262
1080879;-7690951
1148393;-7684039
1215858;-7676557
1283260;-7668481
1350637;-7659798
1417963;-7650526
1485196;-7640688
1552394;-7630236
1619489;-7619195
1686556;-7607556
1753537;-7595333
1820392;-7582525
1887197;-7569124
1953897;-7555130
2020488;-7540562
2086980;-7525404
2153379;-7509643
2219620;-7493294
2285778;-7476380
2351804;-7458889
2417671;-7440800
2483414;-7422133
2549010;-7402887
2614478;-7383061
2679783;-7362651
2744936;-7341652
2809927;-7320094
2874747;-7297935
2939375;-7275236
3003870;-7251950
3068153;-7228075
3132261;-7203657
3196151;-7178674
3259860;-7153110
3323373;-7126977
3386667;-7100287
3449745;-7073045
3512630;-7045229
3575285;-7016840
3637684;-6987926
3699853;-6958439
3761841;-6928381
3823522;-6897806
3884975;-6866663
3946179;-6834973
4007123;-6802736
4067822;-6769972
4128212;-6736649
4188371;-6702813
4248248;-6668411
4307828;-6633486
4367145;-6597982
4426153;-6562008
4484863;-6525491
4543287;-6488467
4601366;-6450922
4659213;-6412810
4716676;-6374180
4773821;-6335078
4830669;-6295448
4887200;-6255304
4943367;-6214648
4999214;-6173512
5054749;-6131846
5109865;-6089689
5164672;-6047037
5219105;-6003913
5273210;-5960270
5326935;-5916158
5380276;-5871556
5433272;-5826479
5485871;-5780900
5538108;-5734887
5589988;-5688362
5641402;-5641390
5692429;-5593952
5743095;-5546050
5793351;-5497698
5843222;-5448880
5892638;-5399604
5941623;-5349884
5990260;-5299758
6038450;-5249115
6086210;-5198120
6133506;-5146630
6180398;-5094703
6226851;-5042414
6272869;-4989655
6318435;-4936449
6363499;-4882897
6408173;-4828882
6452370;-4774523
6496094;-4719678
6539361;-4664463
6582172;-4608886
6624486;-4552882
6666331;-4496475
6707708;-4439692
6748570;-4382568
6789001;-4325030
6828906;-4267177
6868319;-4208886
6907193;-4150261
6945639;-4091306
6983536;-4031968
7020978;-3972278
7057852;-3912268
7094265;-3851854
7130142;-3791146
7165467;-3730096
7200302;-3668715
7234578;-3607014
7268360;-3544979
7301621;-3482714
7334312;-3420037
7366499;-3357088
7398095;-3293869
7429170;-3230281
7459744;-3166419
7489756;-3102338
7519167;-3037944
7548055;-2973267
7576340;-2908347
7604130;-2843063
7631358;-2777614
7658006;-2711877
7684056;-2645834
7709563;-2579575
7734508;-2513105
7758920;-2446358
7782658;-2379401
7805876;-2312194
7828554;-2244759
7850564;-2177140
7872021;-2109265
7892883;-2041227
7913143;-1972979
7932879;-1904548
7951948;-1835852
7970496;-1767025
7988410;-1697984
8005771;-1628859
8022429;-1559393
8038531;-1489799
8054067;-1420142
8068933;-1350192
8083280;-1280177
8096931;-1210082
8110097;-1139771
8122514;-1069348
8134416;-998766
8145601;-927990
8156245;-857315
8166288;-786315
8175687;-715295
8184414;-644121
8192598;-572943
8200140;-501551
8207036;-430138
8213362;-358594
8219042;-287061
8224094;-215365
8228486;-143628
8232284;-71892
8235497;7
8238042;71911
8239960;143828
8241249;215815
8241910;287835
8241942;359852
8241343;431923
8240115;503980
8238256;576079
8235764;648184
8232645;720259
8228891;792359
8224506;864449
8219493;936491
8213844;1008543
8207564;1080568
8200657;1152528
8193114;1224481
8184943;1296360
8176137;1368220
8166700;1440025
8156638;1511738
8145941;1583417
8134612;1655024
8122660;1726522
8110074;1797970
8096859;1869328
8083023;1940563
8068553;2011728
8053457;2082790
8037741;2153709
8021393;2224544
8004429;2295227
7986834;2365814
7968615;2436268
7949785;2506554
7930325;2576728
7910245;2646752
7889557;2716592
7868242;2786303
7846311;2855848
7823776;2925193
7800617;2994392
7776857;3063379
7752475;3132209
7727485;3200847
7701897;3269258
7675693;3337495
7648884;3405524
7621485;3473310
7593472;3540906
7564859;3608278
7535662;3675390
7505855;3742297
7475469;3808934
7444477;3875355
7412894;3941524
7380739;4007410
7347983;4073062
7314642;4138448
7280735;4203533
7246235;4268370
7211155;4332926
7175519;4397165
7139292;4461141
7102512;4524791
7065148;4588166
7027218;4651233
6988745;4713962
6949691;4776399
6910081;4838514
6869934;4900274
6829217;4961729
6787950;5022846
6746155;5083594
6703798;5144021
6660920;5204071
6617483;5263789
6573511;5323144
6529027;5382110
6483995;5440727
6438436;5498968
6392375;5556804
6345775;5614280
6298658;5671365
6251048;5728031
6202908;5784322
6154261;5840209
6105133;5895663
6055483;5950728
6005360;6005352
5954722;6059578
5903593;6113376
5852003;6166720
5799907;6219653
5747335;6272146
5694310;6324172
5640791;6375772
5586804;6426920
5532381;6477589
5477472;6527820
5422134;6577563
5366318;6626860
5310054;6675682
5253374;6724006
5196228;6771871
5138646;6819249
5080659;6866118
5022221;6912512
4963358;6958411
4904103;7003790
4844407;7048682
4784329;7093048
4723818;7136920
4662905;7180275
4601621;7223092
4539920;7265406
4477829;7307191
4415382;7348428
4352529;7389149
4289301;7429333
4225732;7468959
4161769;7508058
4097473;7546593
4032794;7584593
3967763;7622038
3902415;7658911
3836696;7695239
3770640;7731002
3704281;7766184
3637566;7800810
3570529;7834865
3503204;7868328
3435536;7901226
3367592;7933530
3299315;7965261
3230740;7996405
3161904;8026946
3092750;8056908
3023313;8086273
2953630;8115028
2883645;8143193
2813393;8170756
2742911;8197700
2672141;8224046
2601121;8249784
2529886;8274898
2458379;8299404
2386669;8323284
2314697;8346553
2242501;8369201
2170118;8391214
2097489;8412610
2024652;8433377
1951645;8453505
1878408;8473008
1804979;8491878
1731397;8510103
1657601;8527698
1583662;8544646
1509522;8560958
1435217;8576628
1360786;8591646
1286170;8606024
1211406;8619754
1136533;8632829
1061492;8645258
986320;8657035
911057;8668155
835641;8678622
760145;8688430
684509;8697585
608771;8706081
532970;8713914
457044;8721090
381035;8727604
304979;8733454
228818;8738641
152589;8743165
76332;8747023
-13;8750215
-76376;8752741
-152817;8754600
-229294;8755793
-305772;8756316
-382310;8756170
-458868;8755355
-535408;8753874
-611990;8751720
-688576;8748896
-765124;8745405
-841698;8741240
-918259;8736404
-994764;8730902
-1071278;8724726
-1147725;8717882
-1224169;8710366
-1300568;8702177
-1376885;8693324
-1453179;8683796
-1529411;8673598
-1605544;8662737
-1681635;8651201
-1757649;8638996
-1833544;8626130
-1909381;8612591
-1985089;8598391
-2060727;8583518
-2136256;8567980
-2211639;8551786
-2286934;8534919
-2362103;8517390
-2437108;8499208
-2512008;8480354
-2586764;8460842
-2661339;8440681
-2735791;8419849
-2810049;8398374
-2884174;8376232
-2958125;8353436
-3031867;8329999
-3105457;8305897
-3178856;8281145
-3252029;8255758
-3325032;8229712
-3397828;8203020
-3470379;8175697
-3542745;8147719
-3614854;8119114
-3686765;8089856
-3758442;8059961
-3829845;8029447
-3901033;7998286
-3971968;7966491
-4042617;7934085
-4113030;7901036
-4183176;7867361
-4253017;7833079
-4322609;7798162
-4391883;7762644
-4460898;7726493
-4529615;7689728
-4598001;7652370
-4666110;7614385
-4733905;7575794
-4801353;7536621
-4868506;7496823
-4935332;7456432
-5001793;7415462
-5067945;7373881
-5133751;7331710
-5199178;7288972
-5264278;7245629
-5328989;7201726
-5393364;7157225
-5457368;7112147
-5520967;7066520
-5584213;7020302
-5647074;6973519
-5709513;6926194
-5771586;6878289
-5833257;6829827
-5894496;6780835
-5955349;6731273
-6015759;6681185
-6075774;6630534
-6135363;6579345
-6194497;6527642
-6253220;6475388
-6311503;6422600
-6369316;6369316
-6426704;6315489
-6483640;6261143
-6540090;6206306
-6596098;6150941
-6651617;6095093
-6706687;6038718
-6761278;5981849
-6815366;5924510
-6868990;5866659
-6922122;5808321
-6974737;5749529
-7026876;5690235
-7078509;5630470
-7129613;5570263
-7180228;5509563
-7230303;5448433
-7279880;5386823
-7328933;5324758
-7377435;5262277
-7425427;5199328
-7472879;5135940
-7519771;5072151
-7566140;5007904
-7611958;4943234
-7657204;4878175
-7701913;4812674
-7746045;4746792
-7789632;4680477
-7832648;4613765
-7875078;4546685
-7916951;4479185
-7958243;4411303
-7998938;4343072
-8039065;4274434
-8078603;4205428
-8117529;4136087
-8155881;4066359
-8193632;3996273
-8230763;3925868
-8267306;3855090
-8303226;3784004
-8338551;3712553
-8373257;3640775
-8407333;3568704
-8440802;3496283
-8473647;3423550
-8505851;3350543
-8537440;3277202
-8568398;3203563
-8598708;3129668
-8628389;3055455
-8657424;2980995
-8685822;2906230
-8713578;2831192
-8740672;2755927
-8767126;2680369
-8792927;2604562
-8818064;2528538
-8842553;2452245
-8866381;2375714
-8889541;2298986
-8912041;2222001
-8933867;2144836
-8955035;2067427
-8975526;1989807
-8995341;1912020
-9014490;1834011
-9032961;1755805
-9050747;1677456
-9067859;1598895
-9084289;1520164
-9100029;1441300
-9115091;1362241
-9129458;1283070
-9143145;1203712
-9156140;1124212
-9168442;1044615
-9180053;964853
-9190972;884970
-9201190;805000
-9210718;724890
-9219548;644671
-9227673;564388
-9235101;483974
-9241829;403517
-9247860;322936
-9253184;242287
-9257803;161599
-9261725;80819
-9264932;-19
-9267439;-80871
-9269241;-161806
-9270334;-242774
-9270720;-323744
-9270399;-404765
-9269367;-485811
-9267633;-566838
-9265186;-647902
-9262031;-728930
-9258162;-809988
-9253590;-891042
-9248305;-972034
-9242310;-1053040
-9235607;-1134015
-9228197;-1214913
-9220070;-1295811
-9211243;-1376656
-9201706;-1457407
-9191454;-1538136
-9180501;-1618764
-9168836;-1699352
-9156463;-1779854
-9143389;-1860242
-9129599;-1940567
-9115107;-2020791
-9099920;-2100879
-9084012;-2180892
-9067410;-2260783
-9050108;-2340519
-9032095;-2420162
-9013395;-2499629
-8993984;-2578987
-8973873;-2658199
-8953074;-2737232
-8931570;-2816137
-8909375;-2894864
-8886488;-2973382
-8862902;-3051766
-8838626;-3129957
-8813670;-3207923
-8788013;-3285731
-8761684;-3363298
-8734652;-3440689
-8706946;-3517861
-8678564;-3594780
-8649494;-3671511
-8619740;-3747998
-8589327;-3824221
-8558223;-3900229
-8526448;-3975983
-8494017;-4051455
-8460905;-4126681
-8427141;-4201621
-8392695;-4276308
-8357593;-4350714
-8321838;-4424801
-8285415;-4498629
-8248339;-4572159
-8210627;-4645357
-8172247;-4718273
-8133216;-4790865
-8093562;-4863118
-8053246;-4935060
-8012292;-5006686
-7970719;-5077926
-7928493;-5148857
-7885654;-5219407
-7842176;-5289634
-7798067;-5359498
-7753354;-5428961
-7708000;-5498090
-7662030;-5566839
-7615472;-5635169
-7568283;-5703142
-7520495;-5770724
-7472119;-5837868
-7423118;-5904645
-7373541;-5970978
-7323350;-6036929
-7272577;-6102450
-7221239;-6167526
-7169291;-6232189
-7116759;-6296420
-7063683;-6360186
-7010018;-6423521
-6955778;-6486417
-6900995;-6548817
-6845636;-6610789
-6789739;-6672256
-6733265;-6733291
-6676247;-6793841
-6618708;-6853878
-6560608;-6913460
-6501966;-6972550
-6442819;-7031121
-6383124;-7089206
-6322901;-7146786
-6262182;-7203842
-6200930;-7260396
-6139191;-7316405
-6076918;-7371919
-6014146;-7426895
-5950898;-7481321
-5887148;-7535230
-5822890;-7588585
-5758178;-7641381
-5692975;-7693657
-5627289;-7745358
-5561166;-7796492
-5494544;-7847061
-5427499;-7897062
-5359961;-7946498
-5291983;-7995364
-5223583;-8043623
-5154723;-8091331
-5085418;-8138432
-5015717;-8184931
-4945561;-8230842
-4874986;-8276152
-4804024;-8320842
-4732639;-8364953
-4660829;-8408430
-4588657;-8451290
-4516062;-8493551
-4443119;-8535152
-4369752;-8576154
-4296008;-8616529
-4221926;-8656248
-4147446;-8695352
-4072603;-8733816
-3997446;-8771603
-3921896;-8808779
-3845996;-8845287
-3769805;-8881142
-3693247;-8916342
-3616380;-8950880
-3539180;-8984765
-3461652;-9017976
-3383844;-9050507
-3305701;-9082393
-3227255;-9113587
-3148558;-9144095
-3069535;-9173945
-2990233;-9203108
-2910683;-9231567
-2830848;-9259362
-2750758;-9286441
-2670406;-9312857
-2589789;-9338555
-2508941;-9363562
-2427846;-9387858
-2346502;-9411476
-2264974;-9434366
-2183198;-9456558
-2101203;-9478043
-2019017;-9498822
-1936607;-9518874
-1854039;-9538214
-1771245;-9556846
-1688273;-9574760
-1605139;-9591940
-1521805;-9608411
-1438300;-9624165
-1354692;-9639176
-1270876;-9653471
-1186938;-9667032
-1102881;-9679841
-1018641;-9691942
-934310;-9703328
-849840;-9713957
-765250;-9723847
-680588;-9733017
-595797;-9741445
-510904;-9749109
-425947;-9756061
-340891;-9762252
-255738;-9767729
-170571;-9772426
-85293;-9776430
41;-9779644
85394;-9782135
170815;-9783874
256234;-9784882
341726;-9785123
427239;-9784627
512719;-9783388
598275;-9781389
683815;-9778642
769332;-9775157
854873;-9770916
940394;-9765931
1025843;-9760215
1111321;-9753734
1196717;-9746496
1282128;-9738526
1367467;-9729797
1452715;-9720295
1537939;-9710083
1623095;-9699125
1708159;-9687391
1793168;-9674921
1878073;-9661719
1962869;-9647780
2047602;-9633060
2132178;-9617626
2216687;-9601438
2301067;-9584524
2385284;-9566840
2469399;-9548423
2553397;-9529287
2637191;-9509399
2720887;-9488759
2804400;-9467389
2887739;-9445288
2970926;-9422472
3053900;-9398906
3136706;-9374613
3219338;-9349580
3301745;-9323843
3383960;-9297362
3466000;-9270136
3547764;-9242219
3629328;-9213543
3710717;-9184195
3791770;-9154101
3872621;-9123272
3953239;-9091765
4033571;-9059551
4113705;-9026588
4193492;-8992949
4273036;-8958596
4352327;-8923516
4431299;-8887789
4510001;-8851308
4588376;-8814135
4666434;-8776320
4744259;-8737751
4821726;-8698482
4898815;-8658617
4975645;-8617995
5052081;-8576720
5128225;-8534773
5204018;-8492107
5279408;-8448842
5354482;-8404849
5429176;-8360179
5503518;-8314841
5577465;-8268889
5651062;-8222231
5724214;-8175001
5797000;-8127030
5869397;-8078475
5941345;-8029214
6012906;-7979353
6084031;-7928860
6154774;-7877717
6225076;-7825910
6294907;-7773559
6364363;-7720521
6433313;-7666870
6501804;-7612614
6569912;-7557746
6637461;-7502273
6704590;-7446199
6771293;-7389507
6837419;-7332244
6903103;-7274351
6968335;-7215915
7033084;-7156852
7097248;-7097232
7160976;-7037004
7224123;-6976264
7286804;-6914935
7348991;-6853029
7410599;-6790557
7471757;-6727536
7532264;-6664014
7592304;-6599852
7651782;-6535214
7710694;-6470049
7769075;-6404302
7826934;-6338089
7884167;-6271337
7940857;-6204011
7996911;-6136261
8052465;-6067939
8107418;-5999133
8161759;-5929851
8215524;-5860053
8268698;-5789785
8321260;-5719042
8373215;-5647777
8424587;-5576095
8475284;-5503908
8525442;-5431255
8574942;-5358156
8623801;-5284640
8672047;-5210610
8719622;-5136265
8766566;-5061407
8812930;-4986083
8858580;-4910437
8903642;-4834261
8948016;-4757751
8991711;-4680776
9034775;-4603419
9077170;-4525680
9118862;-4447520
9159909;-4369025
9200286;-4290152
9239999;-4210886
9279014;-4131277
9317275;-4051249
9354951;-3970873
9391874;-3890218
9428124;-3809214
9463670;-3727850
9498521;-3646085
9532617;-3564093
9566065;-3481707
9598789;-3399153
9630755;-3316137
9662061;-3232782
9692612;-3149334
9722514;-3065471
9751595;-2981324
9779967;-2896943
9807683;-2812254
9834582;-2727345
9860743;-2642131
9886175;-2556725
9910850;-2471066
9934868;-2385191
9958084;-2299022
9980569;-2212650
10002296;-2126047
10023279;-2039232
10043476;-1952243
10062925;-1864984
10081700;-1777667
10099563;-1689982
10116810;-1602234
10133183;-1514399
10148949;-1426305
10163717;-1338072
10177955;-1249678
10191236;-1161040
10203902;-1072392
10215688;-983647
10226731;-894742
10237007;-805544
10246453;-716578
10255169;-627244
10263076;-537787
10270273;-448398
10276666;-358899
10282262;-269263
10287037;-179560
10291080;-89798
10294371;9
10296838;89883
10298521;179799
10299418;269712
10299530;359695
10298856;449699
10297396;539680
10295148;629709
10292114;719700
10288292;809726

